epic id, B-V, V, P, Perr
211388204 0.79 15.05 31.8 1.6
211394185 1.04 15.69 30.4 1.8
211395620 1.02 16.35 30.7 3.6
211397319 0.67 14.57 25.1 1.3
211397512 1.00 16.18 34.5 2.2
211398025 0.78 15.25 28.8 1.6
211398541 0.98 16.20 30.3 6.8
211399458 1.02 16.21 30.2 1.9
211399819 0.79 15.21 28.4 2.0
211400500 0.67 14.53 26.9 1.5
211406596 0.82 15.16 26.9 2.2
211410757 0.56 13.67 18.9 0.8
211411477 0.70 14.66 31.2 1.9
211411621 0.82 14.66 30.5 1.0
211413212 0.66 14.52 24.4 2.5
211413961 0.79 15.04 31.4 1.5
211414799 0.58 13.71 18.1 0.5
211423010 0.77 15.05 24.9 1.9
211428580 0.74 14.74 26.9 2.3
211430274 0.93 15.74 31.1 2.7
