1.435467000000000000e+06 7.044500837500000223e+00 2.330131539889999936e-01 1.189999999999999947e+00 2.000000000000000111e-01 4.500000000000000000e+00 8.000000000000000444e-01 1.699999999999999956e+00
2.852862000000000000e+06 1.022193341250000032e+01 6.998201858184999180e-02 1.530000000000000027e+00 1.199999999999999956e-01 2.600000000000000089e+00 8.000000000000000444e-01 6.999999999999999556e-01
2.998253000000000000e+06 6.755875531250000066e+00 1.118036669069999989e-01 1.290000000000000036e+00 1.199999999999999956e-01 2.100000000000000089e+00 2.000000000000000000e+00 1.199999999999999956e+00
3.223000000000000000e+06 4.863208700000000384e+00 3.214129438039999703e-02 1.120000000000000107e+00 1.100000000000000006e-01 2.299999999999999822e+00 4.000000000000000000e+00 1.899999999999999911e+00
3.236382000000000000e+06 3.565671925000000186e+00 9.974771387710000548e-02 1.449999999999999956e+00 1.600000000000000033e-01 1.800000000000000044e+00 5.999999999999999778e-01 1.000000000000000000e+00
3.633847000000000000e+06 1.071489521874999973e+01 1.767771190924999902e-01 1.250000000000000000e+00 1.600000000000000033e-01 4.599999999999999645e+00 5.999999999999999778e-01 1.300000000000000044e+00
3.633889000000000000e+06 4.275741262500000417e+00 4.637375014019999575e-02 1.250000000000000000e+00 1.199999999999999956e-01 1.699999999999999956e+00 1.100000000000000089e+00 1.100000000000000089e+00
3.733735000000000000e+06 2.561868868749999972e+00 1.010103431666499983e-02 1.360000000000000098e+00 8.999999999999999667e-02 9.000000000000000222e-01 1.000000000000000000e+00 6.999999999999999556e-01
3.735871000000000000e+06 1.121807384999999968e+01 2.186096639355000204e-01 1.120000000000000107e+00 8.000000000000000167e-02 1.600000000000000089e+00 2.799999999999999822e+00 1.399999999999999911e+00
4.543171000000000000e+06 1.291406680000000051e+01 2.337069421315000062e-01 1.370000000000000107e+00 8.999999999999999667e-02 3.000000000000000000e+00 9.000000000000000222e-01 6.999999999999999556e-01
4.554830000000000000e+06 7.729028112499999992e+00 2.827317995909999979e-02 1.090000000000000080e+00 7.000000000000000666e-02 8.199999999999999289e+00 6.500000000000000000e+00 2.399999999999999911e+00
4.638884000000000000e+06 6.017709925000000126e+00 2.148690755270000197e-01 1.469999999999999973e+00 1.400000000000000133e-01 2.500000000000000000e+00 5.999999999999999778e-01 8.000000000000000444e-01
4.646780000000000000e+06 4.434102049999999906e+00 1.413658997955000163e-01 1.429999999999999938e+00 1.499999999999999944e-01 2.899999999999999911e+00 6.999999999999999556e-01 9.000000000000000222e-01
4.756112000000000000e+06 5.351062093750000415e+00 4.926270703090000064e-02 1.639999999999999902e+00 1.400000000000000133e-01 2.399999999999999911e+00 1.199999999999999956e+00 5.000000000000000000e-01
4.931390000000000000e+06 7.580884150000000155e+00 6.529411224094999744e-02 1.370000000000000107e+00 1.100000000000000006e-01 9.000000000000000222e-01 9.000000000000000222e-01 6.999999999999999556e-01
5.371516000000000000e+06 5.343399475000000010e+00 1.626235155010000155e-01 1.379999999999999893e+00 1.400000000000000133e-01 3.500000000000000000e+00 1.100000000000000089e+00 8.000000000000000444e-01
5.468089000000000000e+06 1.101373734999999954e+01 1.731876415755000120e-01 1.510000000000000009e+00 1.300000000000000044e-01 2.700000000000000178e+00 8.000000000000000444e-01 6.999999999999999556e-01
5.689219000000000000e+06 9.808151999999999981e-01 4.390561988049999969e-16 1.389999999999999902e+00 1.499999999999999944e-01 2.799999999999999822e+00 6.999999999999999556e-01 8.000000000000000444e-01
5.773345000000000000e+06 1.103927941250000089e+01 2.157946654954999988e-01 1.489999999999999991e+00 1.100000000000000006e-01 2.799999999999999822e+00 6.999999999999999556e-01 6.999999999999999556e-01
5.774694000000000000e+06 1.198433572500000110e+01 5.356882396734999330e-02 8.199999999999999512e-01 1.000000000000000056e-01 1.369999999999999929e+01 4.599999999999999645e+00 5.700000000000000178e+00
6.049366000000000000e+06 9.493984631249999140e+00 9.622527554995000121e-02 1.229999999999999982e+00 1.600000000000000033e-01 4.799999999999999822e+00 1.300000000000000044e+00 1.300000000000000044e+00
6.232600000000000000e+06 6.359973562500000455e+00 1.855678496260000088e-01 1.280000000000000027e+00 1.100000000000000006e-01 1.600000000000000089e+00 1.699999999999999956e+00 1.199999999999999956e+00
6.363365000000000000e+06 8.970372349999999884e+00 1.749550464549999920e-02 9.499999999999999556e-01 1.900000000000000022e-01 1.050000000000000000e+01 8.800000000000000711e+00 6.099999999999999645e+00
6.448798000000000000e+06 6.482575462499999830e+00 1.250002996687499812e-01 1.429999999999999938e+00 1.900000000000000022e-01 3.500000000000000000e+00 8.000000000000000444e-01 1.100000000000000089e+00
6.508366000000000000e+06 3.736803743749999906e+00 1.046815423823999891e-01 1.399999999999999911e+00 1.499999999999999944e-01 3.600000000000000089e+00 8.000000000000000444e-01 1.000000000000000000e+00
6.520835000000000000e+06 1.289363314999999943e+01 1.607064719025000088e-01 1.389999999999999902e+00 1.499999999999999944e-01 3.700000000000000178e+00 1.100000000000000089e+00 6.999999999999999556e-01
6.689943000000000000e+06 1.150669915625000073e+01 2.121329938264999992e-01 1.239999999999999991e+00 1.000000000000000056e-01 4.099999999999999645e+00 1.399999999999999911e+00 1.199999999999999956e+00
6.853020000000000000e+06 4.965376949999999567e+00 1.605277103105000047e-01 1.300000000000000044e+00 2.200000000000000011e-01 4.299999999999999822e+00 6.999999999999999556e-01 1.699999999999999956e+00
7.103006000000000000e+06 4.771257274999999964e+00 1.071376479348999933e-01 1.370000000000000107e+00 1.300000000000000044e-01 3.399999999999999911e+00 1.300000000000000044e+00 8.000000000000000444e-01
7.206837000000000000e+06 4.056079525000000352e+00 5.050517158330000179e-03 1.290000000000000036e+00 1.000000000000000056e-01 3.000000000000000000e+00 1.199999999999999956e+00 9.000000000000000222e-01
7.218053000000000000e+06 3.580997162500000108e+00 1.010315585848999970e-01 1.320000000000000062e+00 1.900000000000000022e-01 4.400000000000000355e+00 1.000000000000000000e+00 1.100000000000000089e+00
7.386523000000000000e+06 7.601317800000000346e+00 2.755541981665000084e-01 1.290000000000000036e+00 2.300000000000000100e-01 4.700000000000000178e+00 1.000000000000000000e+00 1.500000000000000000e+00
7.622208000000000000e+06 3.302588681250000047e+00 1.269451340189999833e-01 1.409999999999999920e+00 1.100000000000000006e-01 3.000000000000000000e+00 9.000000000000000222e-01 6.999999999999999556e-01
7.668623000000000000e+06 4.822341400000000000e+00 3.611426578000000165e-02 1.360000000000000098e+00 2.000000000000000111e-01 4.099999999999999645e+00 1.000000000000000000e+00 1.300000000000000044e+00
7.739672000000000000e+06 1.193325160000000018e+01 3.288797785045000088e-01 1.290000000000000036e+00 1.199999999999999956e-01 4.099999999999999645e+00 1.300000000000000044e+00 1.100000000000000089e+00
7.771282000000000000e+06 1.180043287500000027e+01 2.624872374400000208e-01 1.370000000000000107e+00 1.000000000000000056e-01 2.600000000000000089e+00 1.000000000000000000e+00 5.999999999999999778e-01
7.910848000000000000e+06 1.233170777500000170e+01 2.907944570649999561e-01 1.219999999999999973e+00 1.600000000000000033e-01 4.000000000000000000e+00 1.899999999999999911e+00 1.199999999999999956e+00
8.016496000000000000e+06 1.095243639999999985e+01 1.583298866669999860e-01 1.469999999999999973e+00 1.400000000000000133e-01 2.899999999999999911e+00 6.999999999999999556e-01 9.000000000000000222e-01
8.174981000000000000e+06 1.778749232499999877e+01 8.560626583374999488e-01 1.379999999999999893e+00 1.300000000000000044e-01 3.899999999999999911e+00 1.000000000000000000e+00 8.000000000000000444e-01
8.179536000000000000e+06 5.435350899999999541e+00 9.278392481315000939e-02 1.280000000000000027e+00 1.000000000000000056e-01 1.699999999999999956e+00 1.399999999999999911e+00 1.000000000000000000e+00
8.216936000000000000e+06 3.126348450000000057e+00 7.865278502115000125e-02 1.429999999999999938e+00 1.499999999999999944e-01 2.899999999999999911e+00 6.999999999999999556e-01 9.000000000000000222e-01
8.249189000000000000e+06 3.192757812500000014e+00 5.050517158330000179e-03 1.350000000000000089e+00 1.100000000000000006e-01 3.100000000000000089e+00 1.699999999999999956e+00 8.000000000000000444e-01
8.289241000000000000e+06 8.122375874999999468e+00 7.939780290924999817e-02 1.110000000000000098e+00 1.400000000000000133e-01 4.299999999999999822e+00 3.000000000000000000e+00 1.899999999999999911e+00
8.367710000000000000e+06 3.892610324999999705e+00 2.621914104589999628e-01 1.449999999999999956e+00 1.499999999999999944e-01 3.000000000000000000e+00 6.999999999999999556e-01 9.000000000000000222e-01
8.379927000000000000e+06 1.729197631249999745e+01 1.060608603252500004e-01 1.199999999999999956e+00 8.999999999999999667e-02 1.000000000000000000e+00 2.600000000000000089e+00 1.699999999999999956e+00
8.408931000000000000e+06 1.844903174374999821e+01 1.628791783559999928e-01 1.629999999999999893e+00 2.200000000000000011e-01 2.600000000000000089e+00 6.999999999999999556e-01 9.000000000000000222e-01
8.414062000000000000e+06 1.131002527500000099e+01 2.535654771905000437e-01 1.310000000000000053e+00 1.199999999999999956e-01 3.500000000000000000e+00 1.800000000000000044e+00 9.000000000000000222e-01
8.435400000000000000e+06 6.850381162499999732e+00 2.241555166820000111e-01 1.520000000000000018e+00 1.799999999999999933e-01 2.799999999999999822e+00 9.000000000000000222e-01 1.000000000000000000e+00
8.491374000000000000e+06 1.107503829999999923e+01 4.231937093420000129e-01 1.370000000000000107e+00 1.499999999999999944e-01 3.399999999999999911e+00 1.500000000000000000e+00 8.000000000000000444e-01
8.516041000000000000e+06 7.958906674999999709e+00 1.401518511434999836e-01 1.169999999999999929e+00 1.300000000000000044e-01 3.100000000000000089e+00 2.500000000000000000e+00 1.500000000000000000e+00
8.579578000000000000e+06 3.506925181249999746e+00 1.461970093570000018e-01 1.399999999999999911e+00 2.000000000000000111e-01 3.500000000000000000e+00 8.000000000000000444e-01 1.199999999999999956e+00
8.656342000000000000e+06 1.435463912499999939e+00 1.262629289584999911e-02 1.159999999999999920e+00 2.200000000000000011e-01 4.700000000000000178e+00 1.399999999999999911e+00 1.899999999999999911e+00
8.696343000000000000e+06 1.040072784999999911e+01 2.403199452459999774e-01 1.080000000000000071e+00 1.100000000000000006e-01 4.400000000000000355e+00 3.500000000000000000e+00 2.200000000000000178e+00
8.950146000000000000e+06 8.520832049999999214e+00 7.286988797844999588e-02 1.260000000000000009e+00 1.100000000000000006e-01 2.100000000000000089e+00 1.800000000000000044e+00 1.199999999999999956e+00
8.952800000000000000e+06 1.379782216250000104e+01 5.587500819094999294e-01 1.379999999999999893e+00 1.199999999999999956e-01 3.799999999999999822e+00 8.000000000000000444e-01 5.999999999999999778e-01
9.093289000000000000e+06 6.855489575000000002e+00 1.537727850939999974e-01 1.239999999999999991e+00 1.300000000000000044e-01 2.899999999999999911e+00 2.100000000000000089e+00 1.300000000000000044e+00
9.098294000000000000e+06 1.921784782499999977e+01 6.899148546830000672e-01 9.799999999999999822e-01 1.100000000000000006e-01 7.700000000000000178e+00 3.700000000000000178e+00 3.100000000000000089e+00
9.116461000000000000e+06 3.085481150000000117e+00 4.561199293035000241e-02 1.290000000000000036e+00 7.000000000000000666e-02 5.000000000000000000e-01 1.199999999999999956e+00 5.999999999999999778e-01
9.163769000000000000e+06 3.167215749999999996e+00 2.525258579165548696e-03 1.379999999999999893e+00 1.400000000000000133e-01 1.699999999999999956e+00 6.999999999999999556e-01 8.000000000000000444e-01
9.202077000000000000e+06 1.499319068750000028e+01 1.178514127284999990e-01 1.379999999999999893e+00 1.199999999999999956e-01 3.700000000000000178e+00 6.999999999999999556e-01 8.000000000000000444e-01
9.225600000000000000e+06 8.372688087500000265e+00 2.314753768195000061e-01 1.350000000000000089e+00 1.100000000000000006e-01 3.399999999999999911e+00 1.500000000000000000e+00 8.000000000000000444e-01
9.226926000000000000e+06 2.206834199999999857e+00 1.010103431669999961e-02 1.409999999999999920e+00 1.400000000000000133e-01 2.100000000000000089e+00 5.000000000000000000e-01 9.000000000000000222e-01
9.287845000000000000e+06 9.999717468749999227e+00 5.013053394544999541e-01 1.580000000000000071e+00 1.700000000000000122e-01 2.399999999999999911e+00 1.100000000000000089e+00 6.999999999999999556e-01
9.289275000000000000e+06 1.142751876250000009e+01 2.239122730529999883e-01 1.360000000000000098e+00 8.000000000000000167e-02 3.500000000000000000e+00 1.100000000000000089e+00 6.999999999999999556e-01
9.328372000000000000e+06 3.780225249999999981e+00 7.323249879585000399e-02 1.350000000000000089e+00 1.100000000000000006e-01 3.200000000000000178e+00 1.600000000000000089e+00 8.000000000000000444e-01
9.390670000000000000e+06 3.540129862499999724e+00 3.030310295000000070e-02 1.270000000000000018e+00 1.199999999999999956e-01 3.799999999999999822e+00 1.500000000000000000e+00 1.100000000000000089e+00
9.414417000000000000e+06 1.073277466249999890e+01 1.267207868649999902e-01 1.280000000000000027e+00 1.600000000000000033e-01 4.099999999999999645e+00 1.000000000000000000e+00 1.199999999999999956e+00
9.446628000000000000e+06 9.969066993750001160e+00 7.216895666254999342e-02 1.330000000000000071e+00 1.700000000000000122e-01 4.000000000000000000e+00 1.000000000000000000e+00 1.199999999999999956e+00
9.579208000000000000e+06 5.271881699999999782e+00 6.185594987540000284e-02 1.350000000000000089e+00 8.999999999999999667e-02 3.500000000000000000e+00 1.399999999999999911e+00 6.999999999999999556e-01
9.697131000000000000e+06 6.344648324999999645e+00 1.350475807344999890e-01 1.399999999999999911e+00 1.499999999999999944e-01 3.100000000000000089e+00 9.000000000000000222e-01 9.000000000000000222e-01
9.702369000000000000e+06 1.167272256249999884e+01 9.699538794150000531e-02 1.270000000000000018e+00 1.000000000000000056e-01 2.000000000000000000e+00 1.199999999999999956e+00 1.000000000000000000e+00
9.715099000000000000e+06 4.750823625000000661e+00 5.136106805510000373e-02 1.429999999999999938e+00 1.600000000000000033e-01 3.600000000000000089e+00 8.000000000000000444e-01 1.000000000000000000e+00
9.762786000000000000e+06 2.352423956250000003e+00 2.651521508125000148e-02 1.389999999999999902e+00 1.600000000000000033e-01 3.299999999999999822e+00 1.600000000000000089e+00 1.000000000000000000e+00
9.812421000000000000e+06 1.200476937499999863e+01 2.220740816230000192e-01 1.290000000000000036e+00 2.399999999999999911e-01 4.599999999999999645e+00 1.600000000000000089e+00 1.699999999999999956e+00
9.812850000000000000e+06 5.062436787499999369e+00 1.664371801785000105e-01 1.250000000000000000e+00 1.600000000000000033e-01 4.500000000000000000e+00 9.000000000000000222e-01 1.500000000000000000e+00
1.001623900000000000e+07 4.832558224999999652e+00 7.472203987254999458e-02 1.280000000000000027e+00 8.999999999999999667e-02 9.000000000000000222e-01 1.199999999999999956e+00 9.000000000000000222e-01
1.002464800000000000e+07 1.053354657499999902e+01 2.150596945134999882e-01 1.389999999999999902e+00 1.400000000000000133e-01 3.500000000000000000e+00 6.999999999999999556e-01 8.000000000000000444e-01
1.002584100000000000e+07 1.162674684999999997e+01 9.106700074464998962e-02 1.179999999999999938e+00 1.000000000000000056e-01 5.500000000000000000e+00 3.799999999999999822e+00 1.399999999999999911e+00
1.018676400000000000e+07 1.129470003750000018e+01 1.686241182589999776e-01 1.239999999999999991e+00 1.300000000000000044e-01 4.599999999999999645e+00 1.500000000000000000e+00 1.300000000000000044e+00
1.032238100000000000e+07 1.281700696249999893e+01 1.588620812454999975e-01 1.199999999999999956e+00 1.400000000000000133e-01 3.600000000000000089e+00 2.500000000000000000e+00 1.399999999999999911e+00
1.032409800000000000e+07 1.028068015624999987e+01 1.705811702935000063e-01 1.389999999999999902e+00 1.799999999999999933e-01 3.700000000000000178e+00 8.000000000000000444e-01 1.100000000000000089e+00
1.035585600000000000e+07 4.495402999999999594e+00 1.040739955510000016e-02 1.389999999999999902e+00 1.400000000000000133e-01 2.799999999999999822e+00 5.999999999999999778e-01 6.999999999999999556e-01
1.045411300000000000e+07 1.453087935625000071e+01 2.121217206500000119e-01 1.159999999999999920e+00 1.100000000000000006e-01 3.399999999999999911e+00 2.899999999999999911e+00 2.000000000000000000e+00
1.046294000000000000e+07 9.103191074999999799e+00 2.517957906655000078e-01 1.209999999999999964e+00 1.199999999999999956e-01 2.000000000000000000e+00 2.100000000000000089e+00 1.600000000000000089e+00
1.061002700000000000e+07 1.726643425000000009e+00 2.525258579170000170e-02 1.360000000000000098e+00 1.000000000000000056e-01 1.600000000000000089e+00 1.100000000000000089e+00 6.999999999999999556e-01
1.065595300000000000e+07 6.589852125000000171e+00 9.068239389274999895e-02 1.199999999999999956e+00 1.100000000000000006e-01 1.699999999999999956e+00 2.299999999999999822e+00 1.399999999999999911e+00
1.072792200000000000e+07 1.158587955000000136e+01 9.642388314139999084e-02 1.250000000000000000e+00 1.499999999999999944e-01 4.799999999999999822e+00 1.199999999999999956e+00 1.100000000000000089e+00
1.079484500000000000e+07 1.409921849999999921e+00 8.838405027099999894e-03 1.120000000000000107e+00 1.100000000000000006e-01 2.299999999999999822e+00 3.700000000000000178e+00 2.000000000000000000e+00
1.095936200000000000e+07 1.575434415000000143e+01 2.840915901564999846e-01 1.280000000000000027e+00 1.700000000000000122e-01 4.799999999999999822e+00 2.000000000000000000e+00 1.100000000000000089e+00
1.097225200000000000e+07 1.207628714999999886e+01 2.410597078530000159e-01 1.570000000000000062e+00 1.199999999999999956e-01 2.799999999999999822e+00 1.100000000000000089e+00 5.999999999999999778e-01
1.108172900000000000e+07 2.715121243750000080e+00 2.904047366044999745e-02 1.379999999999999893e+00 1.199999999999999956e-01 1.000000000000000000e+00 8.000000000000000444e-01 6.999999999999999556e-01
1.113310000000000000e+07 8.743047993750000302e+00 3.560614596625000239e-01 1.510000000000000009e+00 1.499999999999999944e-01 3.000000000000000000e+00 1.399999999999999911e+00 6.999999999999999556e-01
1.122905200000000000e+07 8.101942225000000164e+00 1.628791783565000095e-01 1.229999999999999982e+00 1.300000000000000044e-01 3.200000000000000178e+00 1.899999999999999911e+00 1.199999999999999956e+00
1.191919200000000000e+07 3.698490650000000102e+00 1.527781440400000079e-01 1.600000000000000089e+00 1.499999999999999944e-01 2.200000000000000178e+00 1.100000000000000089e+00 5.999999999999999778e-01
1.196218000000000000e+07 1.278635648750000087e+01 2.785578846299999745e-01 1.360000000000000098e+00 1.400000000000000133e-01 3.600000000000000089e+00 1.199999999999999956e+00 9.000000000000000222e-01
1.197174600000000000e+07 5.236122812499999668e+00 8.747752322755000809e-02 1.139999999999999902e+00 1.100000000000000006e-01 5.000000000000000000e+00 3.799999999999999822e+00 2.000000000000000000e+00
1.200950400000000000e+07 9.450563124999998621e+00 2.047124655695000128e-01 1.250000000000000000e+00 8.999999999999999667e-02 2.899999999999999911e+00 1.300000000000000044e+00 1.000000000000000000e+00
1.225851400000000000e+07 1.425502508125000034e+01 5.037890865440000088e-01 1.189999999999999947e+00 8.999999999999999667e-02 5.099999999999999645e+00 2.100000000000000089e+00 1.100000000000000089e+00
1.235218000000000000e+07 9.869452949999999447e+00 1.583209262304999809e-01 1.149999999999999911e+00 2.300000000000000100e-01 6.700000000000000178e+00 2.000000000000000000e+00 2.600000000000000089e+00
8.379927000000000000e+06 1.718469964999999888e+01 6.818198163749999985e-02 1.199999999999999956e+00 8.999999999999999667e-02 1.000000000000000000e+00 2.600000000000000089e+00 1.699999999999999956e+00
6.508366000000000000e+06 3.892610325000000149e+00 1.969701691749999872e-01 1.399999999999999911e+00 1.499999999999999944e-01 3.600000000000000089e+00 8.000000000000000444e-01 1.000000000000000000e+00
1.200950400000000000e+07 9.322852812500000752e+00 1.868691348579999967e-01 1.250000000000000000e+00 8.999999999999999667e-02 2.899999999999999911e+00 1.300000000000000044e+00 1.000000000000000000e+00
1.045411300000000000e+07 1.432398865000000043e+01 9.642388314119999804e-02 1.159999999999999920e+00 1.100000000000000006e-01 3.399999999999999911e+00 2.899999999999999911e+00 2.000000000000000000e+00
9.098294000000000000e+06 4.014190542499999736e+01 1.151916568130000040e-01 9.799999999999999822e-01 1.100000000000000006e-01 7.700000000000000178e+00 3.700000000000000178e+00 3.100000000000000089e+00
9.139151000000000000e+06 1.155522907499999974e+01 1.717175833829999998e-01 1.129999999999999893e+00 1.000000000000000056e-01 2.100000000000000089e+00 2.500000000000000000e+00 1.800000000000000044e+00
9.410862000000000000e+06 2.311556656249999975e+01 3.192929597799999963e-01 1.090000000000000080e+00 1.100000000000000006e-01 4.200000000000000178e+00 3.100000000000000089e+00 2.000000000000000000e+00
7.871531000000000000e+06 3.549325005000000033e+01 1.984853243219999896e+00 8.100000000000000533e-01 7.000000000000000666e-02 1.340000000000000036e+01 4.400000000000000355e+00 5.099999999999999645e+00
3.735871000000000000e+06 1.121807384999999968e+01 1.161618946419999965e-01 1.120000000000000107e+00 8.000000000000000167e-02 1.600000000000000089e+00 2.799999999999999822e+00 1.399999999999999911e+00
9.025370000000000000e+06 2.459189777499999963e+01 2.250005394039999995e+00 8.399999999999999689e-01 1.300000000000000044e-01 1.180000000000000071e+01 3.799999999999999822e+00 5.599999999999999645e+00
1.141471200000000000e+07 3.641276429999999920e+01 1.084721288019999896e+00 1.179999999999999938e+00 1.199999999999999956e-01 5.400000000000000355e+00 1.399999999999999911e+00 6.999999999999999556e-01
5.955122000000000000e+06 1.825746627499999875e+01 3.055562880789999824e-01 1.280000000000000027e+00 2.099999999999999922e-01 4.900000000000000355e+00 9.000000000000000222e-01 1.600000000000000089e+00
7.940546000000000000e+06 1.145306082499999967e+01 3.434351667669999775e-01 1.320000000000000062e+00 8.000000000000000167e-02 4.299999999999999822e+00 9.000000000000000222e-01 9.000000000000000222e-01
1.102676400000000000e+07 3.402202725000000072e+01 1.640203560510000047e+00 1.250000000000000000e+00 1.300000000000000044e-01 5.299999999999999822e+00 8.000000000000000444e-01 9.000000000000000222e-01
1.006830700000000000e+07 1.960097876249999871e+01 4.295061126390000150e-01 1.310000000000000053e+00 1.000000000000000056e-01 4.200000000000000178e+00 9.000000000000000222e-01 6.999999999999999556e-01
1.435467000000000000e+06 6.906573700000000038e+00 2.171722378079999904e-01 1.189999999999999947e+00 2.000000000000000111e-01 4.500000000000000000e+00 8.000000000000000444e-01 1.699999999999999956e+00
1.108172900000000000e+07 2.738109099999999962e+00 4.285505917389999947e-02 1.379999999999999893e+00 1.199999999999999956e-01 1.000000000000000000e+00 8.000000000000000444e-01 6.999999999999999556e-01
7.103006000000000000e+06 4.653763787499999971e+00 5.555568874169999893e-02 1.370000000000000107e+00 1.300000000000000044e-01 3.399999999999999911e+00 1.300000000000000044e+00 8.000000000000000444e-01
2.837475000000000000e+06 3.688273825000000006e+00 1.178514127279999962e-01 1.469999999999999973e+00 1.499999999999999944e-01 1.800000000000000044e+00 5.999999999999999778e-01 9.000000000000000222e-01
7.206837000000000000e+06 4.066296350000000004e+00 2.525258579169999996e-03 1.290000000000000036e+00 1.000000000000000056e-01 3.000000000000000000e+00 1.199999999999999956e+00 9.000000000000000222e-01
3.424541000000000000e+06 6.768646562499999852e+00 1.742428419619999891e-01 1.550000000000000044e+00 2.099999999999999922e-01 2.700000000000000178e+00 1.000000000000000000e+00 1.000000000000000000e+00
8.018599000000000000e+06 1.559087494999999990e+01 1.259884597070000112e-01 1.550000000000000044e+00 1.600000000000000033e-01 2.799999999999999822e+00 6.999999999999999556e-01 5.999999999999999778e-01
9.812850000000000000e+06 5.006244249999999951e+00 1.212124118000000028e-01 1.250000000000000000e+00 1.600000000000000033e-01 4.500000000000000000e+00 9.000000000000000222e-01 1.500000000000000000e+00
8.179536000000000000e+06 5.440459312499999811e+00 1.212124118000000028e-01 1.280000000000000027e+00 1.000000000000000056e-01 1.699999999999999956e+00 1.399999999999999911e+00 1.000000000000000000e+00
9.226926000000000000e+06 2.206834199999999857e+00 7.575775737500000176e-03 1.409999999999999920e+00 1.400000000000000133e-01 2.100000000000000089e+00 5.000000000000000000e-01 9.000000000000000222e-01
1.014763500000000000e+07 2.071972110000000100e+01 1.202617115390000047e-01 1.520000000000000018e+00 2.500000000000000000e-01 3.200000000000000178e+00 6.999999999999999556e-01 1.199999999999999956e+00
4.931390000000000000e+06 1.520263560000000069e+01 8.590122252779999745e-02 1.370000000000000107e+00 1.100000000000000006e-01 9.000000000000000222e-01 9.000000000000000222e-01 6.999999999999999556e-01
2.852862000000000000e+06 2.056646872500000001e+01 6.585760393799999779e-02 1.530000000000000027e+00 1.199999999999999956e-01 2.600000000000000089e+00 8.000000000000000444e-01 6.999999999999999556e-01
7.771282000000000000e+06 1.185151699999999941e+01 1.060608603250000059e-01 1.370000000000000107e+00 1.000000000000000056e-01 2.600000000000000089e+00 1.000000000000000000e+00 5.999999999999999778e-01
1.059335100000000000e+07 1.855375420000000020e+01 6.708220014410000154e-01 0.000000000000000000e+00 0.000000000000000000e+00 0.000000000000000000e+00 0.000000000000000000e+00 0.000000000000000000e+00
8.367710000000000000e+06 7.611534624999999998e+00 3.055562880789999824e-01 1.449999999999999956e+00 1.499999999999999944e-01 3.000000000000000000e+00 6.999999999999999556e-01 9.000000000000000222e-01
5.450445000000000000e+06 1.356794359999999955e+01 1.893943934370000137e-01 1.429999999999999938e+00 1.199999999999999956e-01 3.299999999999999822e+00 6.999999999999999556e-01 8.000000000000000444e-01
5.371516000000000000e+06 5.496651850000000117e+00 1.414144804330000060e-01 1.379999999999999893e+00 1.400000000000000133e-01 3.500000000000000000e+00 1.100000000000000089e+00 8.000000000000000444e-01
9.512063000000000000e+06 2.296742259999999902e+01 4.144348641650000276e-01 1.209999999999999964e+00 1.400000000000000133e-01 5.200000000000000178e+00 1.600000000000000089e+00 8.000000000000000444e-01
1.001623900000000000e+07 4.858100287500000114e+00 4.545465442499999759e-02 1.280000000000000027e+00 8.999999999999999667e-02 9.000000000000000222e-01 1.199999999999999956e+00 9.000000000000000222e-01
7.680114000000000000e+06 2.761607797499999961e+01 5.725702941589999595e-01 1.129999999999999893e+00 7.000000000000000666e-02 5.900000000000000355e+00 3.299999999999999822e+00 1.600000000000000089e+00
6.313425000000000000e+06 4.685946786249999718e+01 1.092804008929999959e+00 0.000000000000000000e+00 0.000000000000000000e+00 0.000000000000000000e+00 0.000000000000000000e+00 0.000000000000000000e+00
5.950854000000000000e+06 4.187876567499999680e+01 4.469707685130000385e+00 9.599999999999999645e-01 1.300000000000000044e-01 9.500000000000000000e+00 3.799999999999999822e+00 3.700000000000000178e+00
8.579578000000000000e+06 3.294926062500000086e+00 9.848508458749999361e-02 1.399999999999999911e+00 2.000000000000000111e-01 3.500000000000000000e+00 8.000000000000000444e-01 1.199999999999999956e+00
1.046294000000000000e+07 9.184925675000000567e+00 1.767681005420000118e-01 1.209999999999999964e+00 1.199999999999999956e-01 2.000000000000000000e+00 2.100000000000000089e+00 1.600000000000000089e+00
1.140170800000000000e+07 1.623964333749999867e+01 3.017974551340000255e-01 1.419999999999999929e+00 2.800000000000000266e-01 3.899999999999999911e+00 5.999999999999999778e-01 1.600000000000000089e+00
7.216846000000000000e+06 6.268022137500000213e+01 1.893943934369999971e+00 1.429999999999999938e+00 1.799999999999999933e-01 3.600000000000000089e+00 1.399999999999999911e+00 1.000000000000000000e+00
9.289275000000000000e+06 1.117720654999999930e+01 3.030310294999999932e-01 1.360000000000000098e+00 8.000000000000000167e-02 3.500000000000000000e+00 1.100000000000000089e+00 6.999999999999999556e-01
4.346201000000000000e+06 2.230332897499999945e+01 4.180526163020000241e-01 1.419999999999999929e+00 1.499999999999999944e-01 3.399999999999999911e+00 8.000000000000000444e-01 9.000000000000000222e-01
9.414417000000000000e+06 1.082983450000000047e+01 4.040413726670000205e-02 1.280000000000000027e+00 1.600000000000000033e-01 4.099999999999999645e+00 1.000000000000000000e+00 1.199999999999999956e+00
1.051443000000000000e+07 5.504314468750000344e+01 2.164180488279999981e+00 0.000000000000000000e+00 0.000000000000000000e+00 0.000000000000000000e+00 0.000000000000000000e+00 0.000000000000000000e+00
