5.350000000000000311e-01 1.000000000000000021e-02 5.870000000000000107e+00 2.999999999999999889e-02 6.250000000000000000e-01 5.000000000000000278e-02 4.500000000000000000e+00 1.000000000000000021e-02
5.430000000000000382e-01 1.000000000000000021e-02 5.129999999999999893e+00 2.000000000000000042e-02 6.250000000000000000e-01 5.000000000000000278e-02 4.500000000000000000e+00 1.000000000000000021e-02
5.659999999999999476e-01 1.000000000000000021e-02 5.450000000000000178e+00 2.000000000000000042e-02 6.250000000000000000e-01 5.000000000000000278e-02 4.500000000000000000e+00 1.000000000000000021e-02
5.969999999999999751e-01 1.000000000000000021e-02 8.050000000000000711e+00 5.999999999999999778e-02 6.250000000000000000e-01 5.000000000000000278e-02 4.500000000000000000e+00 1.000000000000000021e-02
6.009999999999999787e-01 1.000000000000000021e-02 7.099999999999999645e+00 5.000000000000000278e-02 6.250000000000000000e-01 5.000000000000000278e-02 4.500000000000000000e+00 1.000000000000000021e-02
6.029999999999999805e-01 1.000000000000000021e-02 6.459999999999999964e+00 2.999999999999999889e-02 6.250000000000000000e-01 5.000000000000000278e-02 4.500000000000000000e+00 1.000000000000000021e-02
6.089999999999999858e-01 1.000000000000000021e-02 7.309999999999999609e+00 2.999999999999999889e-02 6.250000000000000000e-01 5.000000000000000278e-02 4.500000000000000000e+00 1.000000000000000021e-02
6.320000000000000062e-01 1.000000000000000021e-02 7.730000000000000426e+00 5.999999999999999778e-02 6.250000000000000000e-01 5.000000000000000278e-02 4.500000000000000000e+00 1.000000000000000021e-02
6.340000000000000080e-01 1.000000000000000021e-02 8.550000000000000711e+00 2.999999999999999889e-02 6.250000000000000000e-01 5.000000000000000278e-02 4.500000000000000000e+00 1.000000000000000021e-02
7.409999999999999920e-01 1.000000000000000021e-02 9.039999999999999147e+00 4.000000000000000083e-02 6.250000000000000000e-01 5.000000000000000278e-02 4.500000000000000000e+00 1.000000000000000021e-02
7.429999999999999938e-01 1.000000000000000021e-02 9.390000000000000568e+00 5.000000000000000278e-02 6.250000000000000000e-01 5.000000000000000278e-02 4.500000000000000000e+00 1.000000000000000021e-02
7.459999999999999964e-01 1.000000000000000021e-02 1.151999999999999957e+01 5.999999999999999778e-02 6.250000000000000000e-01 5.000000000000000278e-02 4.500000000000000000e+00 1.000000000000000021e-02
8.159999999999999476e-01 1.000000000000000021e-02 8.980000000000000426e+00 1.000000000000000056e-01 6.250000000000000000e-01 5.000000000000000278e-02 4.500000000000000000e+00 1.000000000000000021e-02
8.309999999999999609e-01 1.000000000000000021e-02 1.138000000000000078e+01 8.999999999999999667e-02 6.250000000000000000e-01 5.000000000000000278e-02 4.500000000000000000e+00 1.000000000000000021e-02
8.830000000000000071e-01 1.000000000000000021e-02 9.359999999999999432e+00 4.000000000000000083e-02 6.250000000000000000e-01 5.000000000000000278e-02 4.500000000000000000e+00 1.000000000000000021e-02
9.070000000000000284e-01 1.000000000000000021e-02 1.025999999999999979e+01 5.000000000000000278e-02 6.250000000000000000e-01 5.000000000000000278e-02 4.500000000000000000e+00 1.000000000000000021e-02
9.869999999999999885e-01 1.000000000000000021e-02 1.264000000000000057e+01 1.499999999999999944e-01 6.250000000000000000e-01 5.000000000000000278e-02 4.500000000000000000e+00 1.000000000000000021e-02
1.030999999999999917e+00 1.000000000000000021e-02 1.082000000000000028e+01 7.000000000000000666e-02 6.250000000000000000e-01 5.000000000000000278e-02 4.500000000000000000e+00 1.000000000000000021e-02
1.058000000000000052e+00 1.000000000000000021e-02 1.188000000000000078e+01 5.999999999999999778e-02 6.250000000000000000e-01 5.000000000000000278e-02 4.500000000000000000e+00 1.000000000000000021e-02
1.066999999999999948e+00 1.000000000000000021e-02 1.191999999999999993e+01 7.000000000000000666e-02 6.250000000000000000e-01 5.000000000000000278e-02 4.500000000000000000e+00 1.000000000000000021e-02
1.237000000000000099e+00 1.000000000000000021e-02 1.414000000000000057e+01 1.400000000000000133e-01 6.250000000000000000e-01 5.000000000000000278e-02 4.500000000000000000e+00 1.000000000000000021e-02
1.356999999999999984e+00 1.000000000000000021e-02 3.660000000000000142e+00 1.000000000000000021e-02 6.250000000000000000e-01 5.000000000000000278e-02 4.500000000000000000e+00 1.000000000000000021e-02
6.099999999999994316e-01 1.000000000000000021e-02 6.692230989044817946e+00 4.926455117180496279e-02 5.879999999999999671e-01 1.370000000000000107e-01 4.500000000000000000e+00 1.000000000000000021e-02
4.830000000000005400e-01 1.000000000000000021e-02 2.589593459722758340e+00 7.376593715302774343e-03 5.879999999999999671e-01 1.370000000000000107e-01 4.500000000000000000e+00 1.000000000000000021e-02
5.329999999999994742e-01 1.000000000000000021e-02 2.897895548252858777e+00 9.237578469442111681e-03 5.879999999999999671e-01 1.370000000000000107e-01 4.500000000000000000e+00 1.000000000000000021e-02
5.250000000000003553e-01 1.000000000000000021e-02 3.226212329938282775e+00 1.144929059763038354e-02 5.879999999999999671e-01 1.370000000000000107e-01 4.500000000000000000e+00 1.000000000000000021e-02
5.529999999999990479e-01 1.000000000000000021e-02 2.994236095516131346e+00 9.861994775260856175e-03 5.879999999999999671e-01 1.370000000000000107e-01 4.500000000000000000e+00 1.000000000000000021e-02
6.319999999999996732e-01 1.000000000000000021e-02 7.105199585056343636e+00 5.553224725783333093e-02 5.879999999999999671e-01 1.370000000000000107e-01 4.500000000000000000e+00 1.000000000000000021e-02
5.720000000000009521e-01 1.000000000000000021e-02 4.019809621816310852e+00 1.777475633521169093e-02 5.879999999999999671e-01 1.370000000000000107e-01 4.500000000000000000e+00 1.000000000000000021e-02
5.019999999999988916e-01 1.000000000000000021e-02 4.149394810766850128e+00 1.893922502518075035e-02 5.879999999999999671e-01 1.370000000000000107e-01 4.500000000000000000e+00 1.000000000000000021e-02
5.299999999999993605e-01 1.000000000000000021e-02 4.198487704728756320e+00 1.939002890743439511e-02 5.879999999999999671e-01 1.370000000000000107e-01 4.500000000000000000e+00 1.000000000000000021e-02
5.690000000000008384e-01 1.000000000000000021e-02 3.742080821461581941e+00 6.301425993457764052e-02 5.879999999999999671e-01 1.370000000000000107e-01 4.500000000000000000e+00 1.000000000000000021e-02
5.640000000000000568e-01 1.000000000000000021e-02 4.299651298279709266e+00 2.033570141547822938e-02 5.879999999999999671e-01 1.370000000000000107e-01 4.500000000000000000e+00 1.000000000000000021e-02
6.029999999999997584e-01 1.000000000000000021e-02 nan nan 5.879999999999999671e-01 1.370000000000000107e-01 4.500000000000000000e+00 1.000000000000000021e-02
6.050000000000004263e-01 1.000000000000000021e-02 4.144115770018151679e+00 1.889106506684445214e-02 5.879999999999999671e-01 1.370000000000000107e-01 4.500000000000000000e+00 1.000000000000000021e-02
5.570000000000003837e-01 1.000000000000000021e-02 5.631486768821836186e+00 3.488500755015695037e-02 5.879999999999999671e-01 1.370000000000000107e-01 4.500000000000000000e+00 1.000000000000000021e-02
5.919999999999987494e-01 1.000000000000000021e-02 5.738386939431325828e+00 3.951490159996321611e-02 5.879999999999999671e-01 1.370000000000000107e-01 4.500000000000000000e+00 1.000000000000000021e-02
6.109999999999988773e-01 1.000000000000000021e-02 4.822158784044440871e+00 4.301844837629337226e-01 5.879999999999999671e-01 1.370000000000000107e-01 4.500000000000000000e+00 1.000000000000000021e-02
6.169999999999991047e-01 1.000000000000000021e-02 6.081282420836905622e+00 4.068019547017797527e-02 5.879999999999999671e-01 1.370000000000000107e-01 4.500000000000000000e+00 1.000000000000000021e-02
5.609999999999999432e-01 1.000000000000000021e-02 5.579641005897681083e+00 3.424563313016437682e-02 5.879999999999999671e-01 1.370000000000000107e-01 4.500000000000000000e+00 1.000000000000000021e-02
6.020000000000003126e-01 1.000000000000000021e-02 6.138396282587211594e+00 4.144789981428854964e-02 5.879999999999999671e-01 1.370000000000000107e-01 4.500000000000000000e+00 1.000000000000000021e-02
5.600000000000004974e-01 1.000000000000000021e-02 4.534674387705591059e+00 2.261959898276438494e-02 5.879999999999999671e-01 1.370000000000000107e-01 4.500000000000000000e+00 1.000000000000000021e-02
6.080000000000005400e-01 1.000000000000000021e-02 5.946752775646857891e+00 3.890025543212997233e-02 5.879999999999999671e-01 1.370000000000000107e-01 4.500000000000000000e+00 1.000000000000000021e-02
6.379999999999999005e-01 1.000000000000000021e-02 nan nan 5.879999999999999671e-01 1.370000000000000107e-01 4.500000000000000000e+00 1.000000000000000021e-02
6.300000000000007816e-01 1.000000000000000021e-02 6.518012527620077989e+00 4.673293604123350542e-02 5.879999999999999671e-01 1.370000000000000107e-01 4.500000000000000000e+00 1.000000000000000021e-02
6.829999999999998295e-01 1.000000000000000021e-02 1.047745774965162369e+01 1.207548329853083691e-01 5.879999999999999671e-01 1.370000000000000107e-01 4.500000000000000000e+00 1.000000000000000021e-02
6.589999999999989200e-01 1.000000000000000021e-02 6.185554256589161248e+00 4.208718960732912850e-02 5.879999999999999671e-01 1.370000000000000107e-01 4.500000000000000000e+00 1.000000000000000021e-02
7.300000000000004263e-01 1.000000000000000021e-02 nan nan 5.879999999999999671e-01 1.370000000000000107e-01 4.500000000000000000e+00 1.000000000000000021e-02
5.810000000000012932e-01 1.000000000000000021e-02 7.381980585391060501e+00 5.994300109939960236e-02 5.879999999999999671e-01 1.370000000000000107e-01 4.500000000000000000e+00 1.000000000000000021e-02
6.550000000000011369e-01 1.000000000000000021e-02 6.595653464366981744e+00 4.785290908421779149e-02 5.879999999999999671e-01 1.370000000000000107e-01 4.500000000000000000e+00 1.000000000000000021e-02
5.869999999999997442e-01 1.000000000000000021e-02 6.584708988786240447e+00 4.769423171370254511e-02 5.879999999999999671e-01 1.370000000000000107e-01 4.500000000000000000e+00 1.000000000000000021e-02
7.539999999999995595e-01 1.000000000000000021e-02 7.322091482210979052e+00 5.897432604125323052e-02 5.879999999999999671e-01 1.370000000000000107e-01 4.500000000000000000e+00 1.000000000000000021e-02
5.640000000000000568e-01 1.000000000000000021e-02 7.204091924212953302e+00 2.335452320362963186e-01 5.879999999999999671e-01 1.370000000000000107e-01 4.500000000000000000e+00 1.000000000000000021e-02
5.730000000000003979e-01 1.000000000000000021e-02 7.030025237790603398e+00 2.223956467978776830e-01 5.879999999999999671e-01 1.370000000000000107e-01 4.500000000000000000e+00 1.000000000000000021e-02
7.210000000000000853e-01 1.000000000000000021e-02 7.138370167323397020e+00 5.605196151030593377e-02 5.879999999999999671e-01 1.370000000000000107e-01 4.500000000000000000e+00 1.000000000000000021e-02
6.479999999999996874e-01 1.000000000000000021e-02 6.744998583550297688e+00 2.047275265144298251e-01 5.879999999999999671e-01 1.370000000000000107e-01 4.500000000000000000e+00 1.000000000000000021e-02
6.720000000000005969e-01 1.000000000000000021e-02 7.044287435104501505e+00 5.458418401520827995e-02 5.879999999999999671e-01 1.370000000000000107e-01 4.500000000000000000e+00 1.000000000000000021e-02
7.119999999999997442e-01 1.000000000000000021e-02 8.056394763343403653e+00 7.139604624110972020e-02 5.879999999999999671e-01 1.370000000000000107e-01 4.500000000000000000e+00 1.000000000000000021e-02
7.660000000000000142e-01 1.000000000000000021e-02 7.207311096376163739e+00 5.713986656394168251e-02 5.879999999999999671e-01 1.370000000000000107e-01 4.500000000000000000e+00 1.000000000000000021e-02
6.950000000000002842e-01 1.000000000000000021e-02 7.906450873267498736e+00 6.876316195253162622e-02 5.879999999999999671e-01 1.370000000000000107e-01 4.500000000000000000e+00 1.000000000000000021e-02
7.080000000000001847e-01 1.000000000000000021e-02 7.012819433925215229e+00 5.409760005412309752e-02 5.879999999999999671e-01 1.370000000000000107e-01 4.500000000000000000e+00 1.000000000000000021e-02
7.019999999999999574e-01 1.000000000000000021e-02 1.022421708057705381e+01 1.149880764018399310e-01 5.879999999999999671e-01 1.370000000000000107e-01 4.500000000000000000e+00 1.000000000000000021e-02
7.809999999999988063e-01 1.000000000000000021e-02 8.039489974756001800e+00 7.109673895962248524e-02 5.879999999999999671e-01 1.370000000000000107e-01 4.500000000000000000e+00 1.000000000000000021e-02
7.599999999999997868e-01 1.000000000000000021e-02 8.172939397654365834e+00 1.235743360358021681e+00 5.879999999999999671e-01 1.370000000000000107e-01 4.500000000000000000e+00 1.000000000000000021e-02
6.739999999999994884e-01 1.000000000000000021e-02 7.577766832114575912e+00 6.316480517808535644e-02 5.879999999999999671e-01 1.370000000000000107e-01 4.500000000000000000e+00 1.000000000000000021e-02
7.500000000000000000e-01 1.000000000000000021e-02 nan nan 5.879999999999999671e-01 1.370000000000000107e-01 4.500000000000000000e+00 1.000000000000000021e-02
6.679999999999992610e-01 1.000000000000000021e-02 8.335417187630241642e+00 7.642709766102581681e-02 5.879999999999999671e-01 1.370000000000000107e-01 4.500000000000000000e+00 1.000000000000000021e-02
6.989999999999998437e-01 1.000000000000000021e-02 8.204185775582702789e+00 1.245210288445060653e+00 5.879999999999999671e-01 1.370000000000000107e-01 4.500000000000000000e+00 1.000000000000000021e-02
7.099999999999990763e-01 1.000000000000000021e-02 7.965081084525440502e+00 6.978676835137147261e-02 5.879999999999999671e-01 1.370000000000000107e-01 4.500000000000000000e+00 1.000000000000000021e-02
7.219999999999995310e-01 1.000000000000000021e-02 8.061200635222609989e+00 7.148125124944476605e-02 5.879999999999999671e-01 1.370000000000000107e-01 4.500000000000000000e+00 1.000000000000000021e-02
7.320000000000010942e-01 1.000000000000000021e-02 8.366310540714650301e+00 7.699466727004036781e-02 5.879999999999999671e-01 1.370000000000000107e-01 4.500000000000000000e+00 1.000000000000000021e-02
6.999999999999992895e-01 1.000000000000000021e-02 8.761707832090630532e+00 1.420199196495988581e+00 5.879999999999999671e-01 1.370000000000000107e-01 4.500000000000000000e+00 1.000000000000000021e-02
8.620000000000000995e-01 1.000000000000000021e-02 7.138523039583111185e+00 5.605436230532479663e-02 5.879999999999999671e-01 1.370000000000000107e-01 4.500000000000000000e+00 1.000000000000000021e-02
7.330000000000005400e-01 1.000000000000000021e-02 7.449566435233469619e+00 2.497321803283069630e-01 5.879999999999999671e-01 1.370000000000000107e-01 4.500000000000000000e+00 1.000000000000000021e-02
6.989999999999998437e-01 1.000000000000000021e-02 7.966603996048564618e+00 6.981345715284265063e-02 5.879999999999999671e-01 1.370000000000000107e-01 4.500000000000000000e+00 1.000000000000000021e-02
7.569999999999996732e-01 1.000000000000000021e-02 9.081249943242188039e+00 9.071601058479987489e-02 5.879999999999999671e-01 1.370000000000000107e-01 4.500000000000000000e+00 1.000000000000000021e-02
7.000000000000010658e-01 1.000000000000000021e-02 9.194641363013635882e+00 9.299557277388538490e-02 5.879999999999999671e-01 1.370000000000000107e-01 4.500000000000000000e+00 1.000000000000000021e-02
7.330000000000005400e-01 1.000000000000000021e-02 9.124587112433163227e+00 9.158389896961950660e-02 5.879999999999999671e-01 1.370000000000000107e-01 4.500000000000000000e+00 1.000000000000000021e-02
7.629999999999999005e-01 1.000000000000000021e-02 8.692401971436765962e+00 3.400103341486700459e-01 5.879999999999999671e-01 1.370000000000000107e-01 4.500000000000000000e+00 1.000000000000000021e-02
8.849999999999997868e-01 1.000000000000000021e-02 8.290842764166978185e+00 3.093213318306297088e-01 5.879999999999999671e-01 1.370000000000000107e-01 4.500000000000000000e+00 1.000000000000000021e-02
9.130000000000002558e-01 1.000000000000000021e-02 1.048712705154422942e+01 1.209778171747538655e-01 5.879999999999999671e-01 1.370000000000000107e-01 4.500000000000000000e+00 1.000000000000000021e-02
7.730000000000014637e-01 1.000000000000000021e-02 9.006412565746812149e+00 8.922701403488628169e-02 5.879999999999999671e-01 1.370000000000000107e-01 4.500000000000000000e+00 1.000000000000000021e-02
7.390000000000007674e-01 1.000000000000000021e-02 9.464319515426840468e+00 9.853067827909828269e-02 5.879999999999999671e-01 1.370000000000000107e-01 4.500000000000000000e+00 1.000000000000000021e-02
1.023999999999999133e+00 1.000000000000000021e-02 1.076171412582596076e+01 1.273959400186022439e-01 5.879999999999999671e-01 1.370000000000000107e-01 4.500000000000000000e+00 1.000000000000000021e-02
9.839999999999999858e-01 1.000000000000000021e-02 1.069072793166486690e+01 1.257208300797673095e-01 5.879999999999999671e-01 1.370000000000000107e-01 4.500000000000000000e+00 1.000000000000000021e-02
9.629999999999991900e-01 1.000000000000000021e-02 1.089004323347163705e+01 1.304523457895695182e-01 5.879999999999999671e-01 1.370000000000000107e-01 4.500000000000000000e+00 1.000000000000000021e-02
1.012999999999999901e+00 1.000000000000000021e-02 1.075176328917942570e+01 1.271604552092010509e-01 5.879999999999999671e-01 1.370000000000000107e-01 4.500000000000000000e+00 1.000000000000000021e-02
1.087999999999999190e+00 1.000000000000000021e-02 1.062044648357016818e+01 1.240732718614157570e-01 5.879999999999999671e-01 1.370000000000000107e-01 4.500000000000000000e+00 1.000000000000000021e-02
1.139000000000001123e+00 1.000000000000000021e-02 1.288759440162899317e+01 7.474054025740453078e-01 5.879999999999999671e-01 1.370000000000000107e-01 4.500000000000000000e+00 1.000000000000000021e-02
1.118999999999999773e+00 1.000000000000000021e-02 1.147591778652497752e+01 1.448663579473883911e-01 5.879999999999999671e-01 1.370000000000000107e-01 4.500000000000000000e+00 1.000000000000000021e-02
1.076999999999999957e+00 1.000000000000000021e-02 1.158010537895894920e+01 1.475087246465733859e-01 5.879999999999999671e-01 1.370000000000000107e-01 4.500000000000000000e+00 1.000000000000000021e-02
1.118000000000000327e+00 1.000000000000000021e-02 1.188792068379319744e+01 1.554549240025739354e-01 5.879999999999999671e-01 1.370000000000000107e-01 4.500000000000000000e+00 1.000000000000000021e-02
1.121999999999999886e+00 1.000000000000000021e-02 1.219081056699459964e+01 6.687713802615622427e-01 5.879999999999999671e-01 1.370000000000000107e-01 4.500000000000000000e+00 1.000000000000000021e-02
1.148999999999999133e+00 1.000000000000000021e-02 1.101928374655647502e+01 5.464107642920565944e-01 5.879999999999999671e-01 1.370000000000000107e-01 4.500000000000000000e+00 1.000000000000000021e-02
1.132999999999999119e+00 1.000000000000000021e-02 1.162574404761904745e+01 1.486737171268247004e-01 5.879999999999999671e-01 1.370000000000000107e-01 4.500000000000000000e+00 1.000000000000000021e-02
1.068000000000001393e+00 1.000000000000000021e-02 1.422576285653318173e+01 2.226095617353510692e-01 5.879999999999999671e-01 1.370000000000000107e-01 4.500000000000000000e+00 1.000000000000000021e-02
1.232999999999998764e+00 1.000000000000000021e-02 1.253934218610891627e+01 7.075579610714882728e-01 5.879999999999999671e-01 1.370000000000000107e-01 4.500000000000000000e+00 1.000000000000000021e-02
1.167000000000001592e+00 1.000000000000000021e-02 1.092740922054790076e+01 1.313490995006468265e-01 5.879999999999999671e-01 1.370000000000000107e-01 4.500000000000000000e+00 1.000000000000000021e-02
1.212999999999999190e+00 1.000000000000000021e-02 1.175046708106647309e+01 1.518808242855495261e-01 5.879999999999999671e-01 1.370000000000000107e-01 4.500000000000000000e+00 1.000000000000000021e-02
1.208000000000000185e+00 1.000000000000000021e-02 1.160308177852037481e+01 1.480946574349347178e-01 5.879999999999999671e-01 1.370000000000000107e-01 4.500000000000000000e+00 1.000000000000000021e-02
1.071999999999999176e+00 1.000000000000000021e-02 1.072593101081173828e+01 1.265501556535622296e-01 5.879999999999999671e-01 1.370000000000000107e-01 4.500000000000000000e+00 1.000000000000000021e-02
1.186999999999999389e+00 1.000000000000000021e-02 1.191142663156766268e+01 1.560702928391413113e-01 5.879999999999999671e-01 1.370000000000000107e-01 4.500000000000000000e+00 1.000000000000000021e-02
1.120999999999998664e+00 1.000000000000000021e-02 1.219512195121951237e+01 1.635930993456276017e-01 5.879999999999999671e-01 1.370000000000000107e-01 4.500000000000000000e+00 1.000000000000000021e-02
1.144999999999999574e+00 1.000000000000000021e-02 1.197289336941165239e+01 1.576851931988316746e-01 5.879999999999999671e-01 1.370000000000000107e-01 4.500000000000000000e+00 1.000000000000000021e-02
1.225999999999999091e+00 1.000000000000000021e-02 1.285181853232232285e+01 1.816861635465178704e-01 5.879999999999999671e-01 1.370000000000000107e-01 4.500000000000000000e+00 1.000000000000000021e-02
1.390000000000000568e+00 1.000000000000000021e-02 1.223406207563097148e+01 6.884924644038031838e-01 5.879999999999999671e-01 1.370000000000000107e-01 4.500000000000000000e+00 1.000000000000000021e-02
1.195999999999999730e+00 1.000000000000000021e-02 1.229150534065907152e+01 1.661892138933955265e-01 5.879999999999999671e-01 1.370000000000000107e-01 4.500000000000000000e+00 1.000000000000000021e-02
1.418000000000001037e+00 1.000000000000000021e-02 nan nan 5.879999999999999671e-01 1.370000000000000107e-01 4.500000000000000000e+00 1.000000000000000021e-02
1.480999999999999872e+00 1.000000000000000021e-02 nan nan 5.879999999999999671e-01 1.370000000000000107e-01 4.500000000000000000e+00 1.000000000000000021e-02
1.150999999999999801e+00 1.000000000000000021e-02 1.162088039789894367e+01 6.077018755002235872e-01 5.879999999999999671e-01 1.370000000000000107e-01 4.500000000000000000e+00 1.000000000000000021e-02
1.280000000000001137e+00 1.000000000000000021e-02 1.221762025192732892e+01 1.641972690823353120e-01 5.879999999999999671e-01 1.370000000000000107e-01 4.500000000000000000e+00 1.000000000000000021e-02
1.222999999999998977e+00 1.000000000000000021e-02 nan nan 5.879999999999999671e-01 1.370000000000000107e-01 4.500000000000000000e+00 1.000000000000000021e-02
1.259999999999999787e+00 1.000000000000000021e-02 1.192037191560376641e+01 1.563047932669465179e-01 5.879999999999999671e-01 1.370000000000000107e-01 4.500000000000000000e+00 1.000000000000000021e-02
1.127999999999998337e+00 1.000000000000000021e-02 1.355105359441696677e+01 2.019941588706370972e-01 5.879999999999999671e-01 1.370000000000000107e-01 4.500000000000000000e+00 1.000000000000000021e-02
1.250999999999999446e+00 1.000000000000000021e-02 1.259461706066826991e+01 7.138097050719430792e-01 5.879999999999999671e-01 1.370000000000000107e-01 4.500000000000000000e+00 1.000000000000000021e-02
1.228999999999999204e+00 1.000000000000000021e-02 1.293912143365465361e+01 1.841629498223474048e-01 5.879999999999999671e-01 1.370000000000000107e-01 4.500000000000000000e+00 1.000000000000000021e-02
1.240000000000000213e+00 1.000000000000000021e-02 1.221896383186705748e+01 1.642333848369228466e-01 5.879999999999999671e-01 1.370000000000000107e-01 4.500000000000000000e+00 1.000000000000000021e-02
1.289999999999999147e+00 1.000000000000000021e-02 1.226677788545282866e+01 1.655212236601380227e-01 5.879999999999999671e-01 1.370000000000000107e-01 4.500000000000000000e+00 1.000000000000000021e-02
1.233000000000000540e+00 1.000000000000000021e-02 1.303407106175542829e+01 7.814802388372953379e-01 5.879999999999999671e-01 1.370000000000000107e-01 4.500000000000000000e+00 1.000000000000000021e-02
1.340999999999999304e+00 1.000000000000000021e-02 1.396082592246157361e+01 2.143951264810025625e-01 5.879999999999999671e-01 1.370000000000000107e-01 4.500000000000000000e+00 1.000000000000000021e-02
1.386999999999998678e+00 1.000000000000000021e-02 1.262323432509877641e+01 1.752806493089871798e-01 5.879999999999999671e-01 1.370000000000000107e-01 4.500000000000000000e+00 1.000000000000000021e-02
1.398000000000001464e+00 1.000000000000000021e-02 1.410616298260710266e+01 2.188822175010624038e-01 5.879999999999999671e-01 1.370000000000000107e-01 4.500000000000000000e+00 1.000000000000000021e-02
1.310999999999999943e+00 1.000000000000000021e-02 1.411771349512233087e+01 2.192408177633951016e-01 5.879999999999999671e-01 1.370000000000000107e-01 4.500000000000000000e+00 1.000000000000000021e-02
1.250000000000000000e+00 1.000000000000000021e-02 1.293962371574234638e+01 1.841772480955019275e-01 5.879999999999999671e-01 1.370000000000000107e-01 4.500000000000000000e+00 1.000000000000000021e-02
1.323999999999999844e+00 1.000000000000000021e-02 nan nan 5.879999999999999671e-01 1.370000000000000107e-01 4.500000000000000000e+00 1.000000000000000021e-02
1.378000000000000114e+00 1.000000000000000021e-02 1.428408181922065978e+01 2.244384927600092394e-01 5.879999999999999671e-01 1.370000000000000107e-01 4.500000000000000000e+00 1.000000000000000021e-02
1.307999999999999829e+00 1.000000000000000021e-02 nan nan 5.879999999999999671e-01 1.370000000000000107e-01 4.500000000000000000e+00 1.000000000000000021e-02
1.485999999999998877e+00 1.000000000000000021e-02 nan nan 5.879999999999999671e-01 1.370000000000000107e-01 4.500000000000000000e+00 1.000000000000000021e-02
1.333000000000000185e+00 1.000000000000000021e-02 1.366736370221548036e+01 2.054765136255009839e-01 5.879999999999999671e-01 1.370000000000000107e-01 4.500000000000000000e+00 1.000000000000000021e-02
1.455999999999997740e+00 1.000000000000000021e-02 1.484538531197577171e+01 1.035811685786822034e+00 5.879999999999999671e-01 1.370000000000000107e-01 4.500000000000000000e+00 1.000000000000000021e-02
1.414999999999999147e+00 1.000000000000000021e-02 nan nan 5.879999999999999671e-01 1.370000000000000107e-01 4.500000000000000000e+00 1.000000000000000021e-02
1.330999999999999517e+00 1.000000000000000021e-02 1.241834935300399856e+01 1.696369407185803202e-01 5.879999999999999671e-01 1.370000000000000107e-01 4.500000000000000000e+00 1.000000000000000021e-02
1.483999999999999986e+00 1.000000000000000021e-02 1.379158161858001819e+01 1.236350203022702487e+00 5.879999999999999671e-01 1.370000000000000107e-01 4.500000000000000000e+00 1.000000000000000021e-02
1.461000000000000298e+00 1.000000000000000021e-02 1.335202616997129255e+01 8.379000333649119225e-01 5.879999999999999671e-01 1.370000000000000107e-01 4.500000000000000000e+00 1.000000000000000021e-02
1.481999999999997542e+00 1.000000000000000021e-02 nan nan 5.879999999999999671e-01 1.370000000000000107e-01 4.500000000000000000e+00 1.000000000000000021e-02
1.348999999999998423e+00 1.000000000000000021e-02 1.413787253294124291e+01 9.394333668611639654e-01 5.879999999999999671e-01 1.370000000000000107e-01 4.500000000000000000e+00 1.000000000000000021e-02
1.360000000000001208e+00 1.000000000000000021e-02 1.552192471866511525e+01 2.891161763662885020e-01 5.879999999999999671e-01 1.370000000000000107e-01 4.500000000000000000e+00 1.000000000000000021e-02
1.714000000000000412e+00 1.000000000000000021e-02 nan nan 5.879999999999999671e-01 1.370000000000000107e-01 4.500000000000000000e+00 1.000000000000000021e-02
1.422999999999998266e+00 1.000000000000000021e-02 nan nan 5.879999999999999671e-01 1.370000000000000107e-01 4.500000000000000000e+00 1.000000000000000021e-02
1.294999999999999929e+00 1.000000000000000021e-02 nan nan 5.879999999999999671e-01 1.370000000000000107e-01 4.500000000000000000e+00 1.000000000000000021e-02
1.438000000000000611e+00 1.000000000000000021e-02 1.567127924652489135e+01 2.701478925448179691e-01 5.879999999999999671e-01 1.370000000000000107e-01 4.500000000000000000e+00 1.000000000000000021e-02
1.480999999999998096e+00 1.000000000000000021e-02 nan nan 5.879999999999999671e-01 1.370000000000000107e-01 4.500000000000000000e+00 1.000000000000000021e-02
1.469999999999998863e+00 1.000000000000000021e-02 1.586772663080560619e+01 1.535886965422862627e+00 5.879999999999999671e-01 1.370000000000000107e-01 4.500000000000000000e+00 1.000000000000000021e-02
7.929999999999992610e-01 1.000000000000000021e-02 8.431632111027731469e+00 7.820166206128535691e-02 5.879999999999999671e-01 1.370000000000000107e-01 4.500000000000000000e+00 1.000000000000000021e-02
7.840000000000006963e-01 1.000000000000000021e-02 9.652416482466385617e+00 1.024860583460876218e-01 5.879999999999999671e-01 1.370000000000000107e-01 4.500000000000000000e+00 1.000000000000000021e-02
7.290000000000009805e-01 1.000000000000000021e-02 8.791904414415206759e+00 8.502734155543495431e-02 5.879999999999999671e-01 1.370000000000000107e-01 4.500000000000000000e+00 1.000000000000000021e-02
7.670000000000012363e-01 1.000000000000000021e-02 9.048463570885663998e+00 3.684361184714022297e-01 5.879999999999999671e-01 1.370000000000000107e-01 4.500000000000000000e+00 1.000000000000000021e-02
7.629999999999999005e-01 1.000000000000000021e-02 8.840873124629787583e+00 8.597714136638140436e-02 5.879999999999999671e-01 1.370000000000000107e-01 4.500000000000000000e+00 1.000000000000000021e-02
8.000000000000007105e-01 1.000000000000000021e-02 8.696559641006016861e+00 8.319316454853219189e-02 5.879999999999999671e-01 1.370000000000000107e-01 4.500000000000000000e+00 1.000000000000000021e-02
8.280000000000011795e-01 1.000000000000000021e-02 7.986136067786323345e+00 7.015620622251736438e-02 5.879999999999999671e-01 1.370000000000000107e-01 4.500000000000000000e+00 1.000000000000000021e-02
7.480000000000011084e-01 1.000000000000000021e-02 8.972230945224529464e+00 1.489267170487226011e+00 5.879999999999999671e-01 1.370000000000000107e-01 4.500000000000000000e+00 1.000000000000000021e-02
7.940000000000004832e-01 1.000000000000000021e-02 9.497307513319974248e+00 1.668678725047434419e+00 5.879999999999999671e-01 1.370000000000000107e-01 4.500000000000000000e+00 1.000000000000000021e-02
8.249999999999992895e-01 1.000000000000000021e-02 9.459306065307048428e+00 9.842631836087019359e-02 5.879999999999999671e-01 1.370000000000000107e-01 4.500000000000000000e+00 1.000000000000000021e-02
9.940000000000015490e-01 1.000000000000000021e-02 1.112112011921840704e+01 1.360472439766929054e-01 5.879999999999999671e-01 1.370000000000000107e-01 4.500000000000000000e+00 1.000000000000000021e-02
8.140000000000000568e-01 1.000000000000000021e-02 8.885966393275101183e+00 8.685643861665597043e-02 5.879999999999999671e-01 1.370000000000000107e-01 4.500000000000000000e+00 1.000000000000000021e-02
8.029999999999990479e-01 1.000000000000000021e-02 8.651267410675664848e+00 8.232887059212071201e-02 5.879999999999999671e-01 1.370000000000000107e-01 4.500000000000000000e+00 1.000000000000000021e-02
8.249999999999992895e-01 1.000000000000000021e-02 8.901390397180039216e+00 1.465842893555666882e+00 5.879999999999999671e-01 1.370000000000000107e-01 4.500000000000000000e+00 1.000000000000000021e-02
8.349999999999990763e-01 1.000000000000000021e-02 7.955133049600253692e+00 6.961255602052646152e-02 5.879999999999999671e-01 1.370000000000000107e-01 4.500000000000000000e+00 1.000000000000000021e-02
8.000000000000007105e-01 1.000000000000000021e-02 9.253433023651775002e+00 1.584081420379370719e+00 5.879999999999999671e-01 1.370000000000000107e-01 4.500000000000000000e+00 1.000000000000000021e-02
9.090000000000006963e-01 1.000000000000000021e-02 9.262003556609366584e+00 9.436318087090901641e-02 5.879999999999999671e-01 1.370000000000000107e-01 4.500000000000000000e+00 1.000000000000000021e-02
8.230000000000003979e-01 1.000000000000000021e-02 9.722802889617019773e+00 1.039861856333795798e-01 5.879999999999999671e-01 1.370000000000000107e-01 4.500000000000000000e+00 1.000000000000000021e-02
8.090000000000010516e-01 1.000000000000000021e-02 8.998632207904398328e+00 3.643892172591047252e-01 5.879999999999999671e-01 1.370000000000000107e-01 4.500000000000000000e+00 1.000000000000000021e-02
8.689999999999997726e-01 1.000000000000000021e-02 1.038551013625789388e+01 1.186447028693470018e-01 5.879999999999999671e-01 1.370000000000000107e-01 4.500000000000000000e+00 1.000000000000000021e-02
1.005000000000000782e+00 1.000000000000000021e-02 1.008491498416668364e+01 1.118760612616566813e-01 5.879999999999999671e-01 1.370000000000000107e-01 4.500000000000000000e+00 1.000000000000000021e-02
9.079999999999994742e-01 1.000000000000000021e-02 9.123837851153709266e+00 9.156885884755965044e-02 5.879999999999999671e-01 1.370000000000000107e-01 4.500000000000000000e+00 1.000000000000000021e-02
8.990000000000009095e-01 1.000000000000000021e-02 9.296877178955588406e+00 9.507511780864374984e-02 5.879999999999999671e-01 1.370000000000000107e-01 4.500000000000000000e+00 1.000000000000000021e-02
9.399999999999995026e-01 1.000000000000000021e-02 9.790004405501981921e+00 1.054286048857230595e-01 5.879999999999999671e-01 1.370000000000000107e-01 4.500000000000000000e+00 1.000000000000000021e-02
9.169999999999998153e-01 1.000000000000000021e-02 7.973337160535169943e+00 6.993151602312816517e-02 5.879999999999999671e-01 1.370000000000000107e-01 4.500000000000000000e+00 1.000000000000000021e-02
8.650000000000002132e-01 1.000000000000000021e-02 9.132837115850039211e+00 9.174958516311287893e-02 5.879999999999999671e-01 1.370000000000000107e-01 4.500000000000000000e+00 1.000000000000000021e-02
9.470000000000009521e-01 1.000000000000000021e-02 9.501277921880493693e+00 9.930171036369507542e-02 5.879999999999999671e-01 1.370000000000000107e-01 4.500000000000000000e+00 1.000000000000000021e-02
8.970000000000002416e-01 1.000000000000000021e-02 9.269816550330469695e+00 9.452244876445875521e-02 5.879999999999999671e-01 1.370000000000000107e-01 4.500000000000000000e+00 1.000000000000000021e-02
9.309999999999991616e-01 1.000000000000000021e-02 9.178606503960567764e+00 9.267149909000196861e-02 5.879999999999999671e-01 1.370000000000000107e-01 4.500000000000000000e+00 1.000000000000000021e-02
8.989999999999991331e-01 1.000000000000000021e-02 8.955036760425901576e+00 1.483564642540715628e+00 5.879999999999999671e-01 1.370000000000000107e-01 4.500000000000000000e+00 1.000000000000000021e-02
9.330000000000016058e-01 1.000000000000000021e-02 9.804786696865409823e+00 4.326022897696300551e-01 5.879999999999999671e-01 1.370000000000000107e-01 4.500000000000000000e+00 1.000000000000000021e-02
8.549999999999986500e-01 1.000000000000000021e-02 1.085234302085820346e+01 1.295506839466067373e-01 5.879999999999999671e-01 1.370000000000000107e-01 4.500000000000000000e+00 1.000000000000000021e-02
8.959999999999990195e-01 1.000000000000000021e-02 9.481638806451305967e+00 9.889162190160369348e-02 5.879999999999999671e-01 1.370000000000000107e-01 4.500000000000000000e+00 1.000000000000000021e-02
9.370000000000011653e-01 1.000000000000000021e-02 9.620564919572077045e+00 1.018107963088709933e-01 5.879999999999999671e-01 1.370000000000000107e-01 4.500000000000000000e+00 1.000000000000000021e-02
8.589999999999999858e-01 1.000000000000000021e-02 9.220754073268111028e+00 9.352453624765950935e-02 5.879999999999999671e-01 1.370000000000000107e-01 4.500000000000000000e+00 1.000000000000000021e-02
8.750000000000000000e-01 1.000000000000000021e-02 9.158767229930850462e+00 1.551835817683021590e+00 5.879999999999999671e-01 1.370000000000000107e-01 4.500000000000000000e+00 1.000000000000000021e-02
9.700000000000006395e-01 1.000000000000000021e-02 1.222060638648889785e+01 1.642775424988425770e-01 5.879999999999999671e-01 1.370000000000000107e-01 4.500000000000000000e+00 1.000000000000000021e-02
1.014000000000001123e+00 1.000000000000000021e-02 nan nan 5.879999999999999671e-01 1.370000000000000107e-01 4.500000000000000000e+00 1.000000000000000021e-02
9.539999999999988489e-01 1.000000000000000021e-02 9.589474592687066590e+00 1.011538252601698745e-01 5.879999999999999671e-01 1.370000000000000107e-01 4.500000000000000000e+00 1.000000000000000021e-02
9.790000000000009805e-01 1.000000000000000021e-02 1.053241350255411035e+01 1.220249076076625611e-01 5.879999999999999671e-01 1.370000000000000107e-01 4.500000000000000000e+00 1.000000000000000021e-02
9.219999999999988205e-01 1.000000000000000021e-02 nan nan 5.879999999999999671e-01 1.370000000000000107e-01 4.500000000000000000e+00 1.000000000000000021e-02
1.044999999999999929e+00 1.000000000000000021e-02 9.935617200540496796e+00 1.085881380712438171e-01 5.879999999999999671e-01 1.370000000000000107e-01 4.500000000000000000e+00 1.000000000000000021e-02
9.290000000000002700e-01 1.000000000000000021e-02 1.046769668802076758e+01 1.205299413476410425e-01 5.879999999999999671e-01 1.370000000000000107e-01 4.500000000000000000e+00 1.000000000000000021e-02
9.459999999999997300e-01 1.000000000000000021e-02 9.975858422617266186e+00 4.478298807064673426e-01 5.879999999999999671e-01 1.370000000000000107e-01 4.500000000000000000e+00 1.000000000000000021e-02
9.570000000000007390e-01 1.000000000000000021e-02 nan nan 5.879999999999999671e-01 1.370000000000000107e-01 4.500000000000000000e+00 1.000000000000000021e-02
1.191999999999998394e+00 1.000000000000000021e-02 1.298482074454962110e+01 1.854661267448947937e-01 5.879999999999999671e-01 1.370000000000000107e-01 4.500000000000000000e+00 1.000000000000000021e-02
9.379999999999988347e-01 1.000000000000000021e-02 9.270246217739543937e+00 3.867185922188143832e-01 5.879999999999999671e-01 1.370000000000000107e-01 4.500000000000000000e+00 1.000000000000000021e-02
1.000000000000000000e+00 1.000000000000000021e-02 1.049703458772896703e+01 1.212065086495760780e-01 5.879999999999999671e-01 1.370000000000000107e-01 4.500000000000000000e+00 1.000000000000000021e-02
1.064999999999999503e+00 1.000000000000000021e-02 1.128579006173327137e+01 1.401059630492692276e-01 5.879999999999999671e-01 1.370000000000000107e-01 4.500000000000000000e+00 1.000000000000000021e-02
1.010999999999999233e+00 1.000000000000000021e-02 1.111704019921736020e+01 2.286388781633772904e+00 5.879999999999999671e-01 1.370000000000000107e-01 4.500000000000000000e+00 1.000000000000000021e-02
9.199999999999999289e-01 1.000000000000000021e-02 1.032322001878826079e+01 4.795599220033980870e-01 5.879999999999999671e-01 1.370000000000000107e-01 4.500000000000000000e+00 1.000000000000000021e-02
9.350000000000004974e-01 1.000000000000000021e-02 8.607111195269531834e+00 8.149059944050753013e-02 5.879999999999999671e-01 1.370000000000000107e-01 4.500000000000000000e+00 1.000000000000000021e-02
1.073999999999999844e+00 1.000000000000000021e-02 1.074044637295126137e+01 2.134107983369474937e+00 5.879999999999999671e-01 1.370000000000000107e-01 4.500000000000000000e+00 1.000000000000000021e-02
9.969999999999998863e-01 1.000000000000000021e-02 1.056412423410099422e+01 5.022032437508395786e-01 5.879999999999999671e-01 1.370000000000000107e-01 4.500000000000000000e+00 1.000000000000000021e-02
1.029999999999999361e+00 1.000000000000000021e-02 1.095242267589590845e+01 5.398000311216549774e-01 5.879999999999999671e-01 1.370000000000000107e-01 4.500000000000000000e+00 1.000000000000000021e-02
1.078000000000001180e+00 1.000000000000000021e-02 1.132964742137224690e+01 1.411970017618675022e-01 5.879999999999999671e-01 1.370000000000000107e-01 4.500000000000000000e+00 1.000000000000000021e-02
1.087999999999999190e+00 1.000000000000000021e-02 1.122952016260345154e+01 5.674595538704284570e-01 5.879999999999999671e-01 1.370000000000000107e-01 4.500000000000000000e+00 1.000000000000000021e-02
1.006000000000000227e+00 1.000000000000000021e-02 1.056066574436852612e+01 1.226804270607067260e-01 5.879999999999999671e-01 1.370000000000000107e-01 4.500000000000000000e+00 1.000000000000000021e-02
1.115000000000000213e+00 1.000000000000000021e-02 1.308061583539353023e+01 3.233837450966496441e+00 5.879999999999999671e-01 1.370000000000000107e-01 4.500000000000000000e+00 1.000000000000000021e-02
4.747999999999997778e-01 4.000000000000000083e-02 9.200000000000000400e-01 1.000000000000000021e-02 1.100000000000000089e+00 2.000000000000000111e-01 4.500000000000000000e+00 1.000000000000000021e-02
4.846000000000013630e-01 4.000000000000000083e-02 9.599999999999999645e-01 1.000000000000000021e-02 1.100000000000000089e+00 2.000000000000000111e-01 4.500000000000000000e+00 1.000000000000000021e-02
5.629999999999996119e-01 4.000000000000000083e-02 1.290000000000000036e+00 2.099999999999999922e-01 1.100000000000000089e+00 2.000000000000000111e-01 4.500000000000000000e+00 1.000000000000000021e-02
6.218000000000001304e-01 4.000000000000000083e-02 1.360000000000000098e+00 1.000000000000000021e-02 1.100000000000000089e+00 2.000000000000000111e-01 4.500000000000000000e+00 1.000000000000000021e-02
5.041999999999992044e-01 4.000000000000000083e-02 1.600000000000000089e+00 2.200000000000000011e-01 1.100000000000000089e+00 2.000000000000000111e-01 4.500000000000000000e+00 1.000000000000000021e-02
5.727999999999994207e-01 4.000000000000000083e-02 2.029999999999999805e+00 5.999999999999999778e-02 1.100000000000000089e+00 2.000000000000000111e-01 4.500000000000000000e+00 1.000000000000000021e-02
4.943999999999993955e-01 4.000000000000000083e-02 2.500000000000000000e+00 1.000000000000000021e-02 1.100000000000000089e+00 2.000000000000000111e-01 4.500000000000000000e+00 1.000000000000000021e-02
7.786000000000002919e-01 4.000000000000000083e-02 2.529999999999999805e+00 8.999999999999999667e-02 1.100000000000000089e+00 2.000000000000000111e-01 4.500000000000000000e+00 1.000000000000000021e-02
6.120000000000003215e-01 4.000000000000000083e-02 4.349999999999999645e+00 1.300000000000000044e-01 1.100000000000000089e+00 2.000000000000000111e-01 4.500000000000000000e+00 1.000000000000000021e-02
5.825999999999992296e-01 4.000000000000000083e-02 4.820000000000000284e+00 8.999999999999999667e-02 1.100000000000000089e+00 2.000000000000000111e-01 4.500000000000000000e+00 1.000000000000000021e-02
6.413999999999997481e-01 4.000000000000000083e-02 5.730000000000000426e+00 4.899999999999999911e-01 1.100000000000000089e+00 2.000000000000000111e-01 4.500000000000000000e+00 1.000000000000000021e-02
6.120000000000003215e-01 4.000000000000000083e-02 6.330000000000000071e+00 2.399999999999999911e-01 1.100000000000000089e+00 2.000000000000000111e-01 4.500000000000000000e+00 1.000000000000000021e-02
6.218000000000001304e-01 4.000000000000000083e-02 7.169999999999999929e+00 1.300000000000000044e-01 1.100000000000000089e+00 2.000000000000000111e-01 4.500000000000000000e+00 1.000000000000000021e-02
6.413999999999997481e-01 4.000000000000000083e-02 8.369999999999999218e+00 1.499999999999999944e-01 1.100000000000000089e+00 2.000000000000000111e-01 4.500000000000000000e+00 1.000000000000000021e-02
6.413999999999997481e-01 4.000000000000000083e-02 8.800000000000000711e+00 1.700000000000000122e-01 1.100000000000000089e+00 2.000000000000000111e-01 4.500000000000000000e+00 1.000000000000000021e-02
6.413999999999997481e-01 4.000000000000000083e-02 8.849999999999999645e+00 1.100000000000000006e-01 1.100000000000000089e+00 2.000000000000000111e-01 4.500000000000000000e+00 1.000000000000000021e-02
6.218000000000001304e-01 4.000000000000000083e-02 9.039999999999999147e+00 1.700000000000000122e-01 1.100000000000000089e+00 2.000000000000000111e-01 4.500000000000000000e+00 1.000000000000000021e-02
6.707999999999990637e-01 4.000000000000000083e-02 9.269999999999999574e+00 5.999999999999999778e-01 1.100000000000000089e+00 2.000000000000000111e-01 4.500000000000000000e+00 1.000000000000000021e-02
7.197999999999997733e-01 4.000000000000000083e-02 9.560000000000000497e+00 1.400000000000000133e-01 1.100000000000000089e+00 2.000000000000000111e-01 4.500000000000000000e+00 1.000000000000000021e-02
7.197999999999997733e-01 4.000000000000000083e-02 9.619999999999999218e+00 3.599999999999999867e-01 1.100000000000000089e+00 2.000000000000000111e-01 4.500000000000000000e+00 1.000000000000000021e-02
6.904000000000004578e-01 4.000000000000000083e-02 9.619999999999999218e+00 2.399999999999999911e-01 1.100000000000000089e+00 2.000000000000000111e-01 4.500000000000000000e+00 1.000000000000000021e-02
6.609999999999992548e-01 4.000000000000000083e-02 9.720000000000000639e+00 2.200000000000000011e-01 1.100000000000000089e+00 2.000000000000000111e-01 4.500000000000000000e+00 1.000000000000000021e-02
6.413999999999997481e-01 4.000000000000000083e-02 9.779999999999999361e+00 3.900000000000000133e-01 1.100000000000000089e+00 2.000000000000000111e-01 4.500000000000000000e+00 1.000000000000000021e-02
6.708000000000008400e-01 4.000000000000000083e-02 9.859999999999999432e+00 3.400000000000000244e-01 1.100000000000000089e+00 2.000000000000000111e-01 4.500000000000000000e+00 1.000000000000000021e-02
9.158000000000008356e-01 4.000000000000000083e-02 9.900000000000000355e+00 2.800000000000000266e-01 1.100000000000000089e+00 2.000000000000000111e-01 4.500000000000000000e+00 1.000000000000000021e-02
7.001999999999984903e-01 4.000000000000000083e-02 9.949999999999999289e+00 2.500000000000000000e-01 1.100000000000000089e+00 2.000000000000000111e-01 4.500000000000000000e+00 1.000000000000000021e-02
9.354000000000003423e-01 4.000000000000000083e-02 9.980000000000000426e+00 6.600000000000000311e-01 1.100000000000000089e+00 2.000000000000000111e-01 4.500000000000000000e+00 1.000000000000000021e-02
9.158000000000008356e-01 4.000000000000000083e-02 1.003999999999999915e+01 2.999999999999999889e-01 1.100000000000000089e+00 2.000000000000000111e-01 4.500000000000000000e+00 1.000000000000000021e-02
6.904000000000004578e-01 4.000000000000000083e-02 1.003999999999999915e+01 3.599999999999999867e-01 1.100000000000000089e+00 2.000000000000000111e-01 4.500000000000000000e+00 1.000000000000000021e-02
7.099999999999999645e-01 4.000000000000000083e-02 1.023000000000000043e+01 5.699999999999999512e-01 1.100000000000000089e+00 2.000000000000000111e-01 4.500000000000000000e+00 1.000000000000000021e-02
7.394000000000010564e-01 4.000000000000000083e-02 1.026999999999999957e+01 5.799999999999999600e-01 1.100000000000000089e+00 2.000000000000000111e-01 4.500000000000000000e+00 1.000000000000000021e-02
7.295999999999995822e-01 4.000000000000000083e-02 1.026999999999999957e+01 3.699999999999999956e-01 1.100000000000000089e+00 2.000000000000000111e-01 4.500000000000000000e+00 1.000000000000000021e-02
7.393999999999993911e-01 4.000000000000000083e-02 1.028999999999999915e+01 2.700000000000000178e-01 1.100000000000000089e+00 2.000000000000000111e-01 4.500000000000000000e+00 1.000000000000000021e-02
7.393999999999993911e-01 4.000000000000000083e-02 1.032000000000000028e+01 3.499999999999999778e-01 1.100000000000000089e+00 2.000000000000000111e-01 4.500000000000000000e+00 1.000000000000000021e-02
7.099999999999999645e-01 4.000000000000000083e-02 1.033000000000000007e+01 9.599999999999999645e-01 1.100000000000000089e+00 2.000000000000000111e-01 4.500000000000000000e+00 1.000000000000000021e-02
8.569999999999985407e-01 4.000000000000000083e-02 1.036999999999999922e+01 3.099999999999999978e-01 1.100000000000000089e+00 2.000000000000000111e-01 4.500000000000000000e+00 1.000000000000000021e-02
7.393999999999993911e-01 4.000000000000000083e-02 1.043999999999999950e+01 2.800000000000000266e-01 1.100000000000000089e+00 2.000000000000000111e-01 4.500000000000000000e+00 1.000000000000000021e-02
8.961999999999994415e-01 4.000000000000000083e-02 1.047000000000000064e+01 3.900000000000000133e-01 1.100000000000000089e+00 2.000000000000000111e-01 4.500000000000000000e+00 1.000000000000000021e-02
7.688000000000004830e-01 4.000000000000000083e-02 1.049000000000000021e+01 4.199999999999999845e-01 1.100000000000000089e+00 2.000000000000000111e-01 4.500000000000000000e+00 1.000000000000000021e-02
9.158000000000008356e-01 4.000000000000000083e-02 1.058999999999999986e+01 5.400000000000000355e-01 1.100000000000000089e+00 2.000000000000000111e-01 4.500000000000000000e+00 1.000000000000000021e-02
7.393999999999993911e-01 4.000000000000000083e-02 1.064000000000000057e+01 5.799999999999999600e-01 1.100000000000000089e+00 2.000000000000000111e-01 4.500000000000000000e+00 1.000000000000000021e-02
9.059999999999992504e-01 4.000000000000000083e-02 1.066999999999999993e+01 3.200000000000000067e-01 1.100000000000000089e+00 2.000000000000000111e-01 4.500000000000000000e+00 1.000000000000000021e-02
8.570000000000020934e-01 4.000000000000000083e-02 1.073000000000000043e+01 3.499999999999999778e-01 1.100000000000000089e+00 2.000000000000000111e-01 4.500000000000000000e+00 1.000000000000000021e-02
9.059999999999992504e-01 4.000000000000000083e-02 1.074000000000000021e+01 8.900000000000000133e-01 1.100000000000000089e+00 2.000000000000000111e-01 4.500000000000000000e+00 1.000000000000000021e-02
8.962000000000012179e-01 4.000000000000000083e-02 1.075000000000000000e+01 2.300000000000000100e-01 1.100000000000000089e+00 2.000000000000000111e-01 4.500000000000000000e+00 1.000000000000000021e-02
7.785999999999985155e-01 4.000000000000000083e-02 1.075000000000000000e+01 1.900000000000000022e-01 1.100000000000000089e+00 2.000000000000000111e-01 4.500000000000000000e+00 1.000000000000000021e-02
7.982000000000015749e-01 4.000000000000000083e-02 1.075000000000000000e+01 4.199999999999999845e-01 1.100000000000000089e+00 2.000000000000000111e-01 4.500000000000000000e+00 1.000000000000000021e-02
8.471999999999987319e-01 4.000000000000000083e-02 1.075999999999999979e+01 3.200000000000000067e-01 1.100000000000000089e+00 2.000000000000000111e-01 4.500000000000000000e+00 1.000000000000000021e-02
8.765999999999981585e-01 4.000000000000000083e-02 1.075999999999999979e+01 2.800000000000000266e-01 1.100000000000000089e+00 2.000000000000000111e-01 4.500000000000000000e+00 1.000000000000000021e-02
7.687999999999987066e-01 4.000000000000000083e-02 1.082000000000000028e+01 4.899999999999999911e-01 1.100000000000000089e+00 2.000000000000000111e-01 4.500000000000000000e+00 1.000000000000000021e-02
6.500000000000000222e-01 1.000000000000000021e-03 2.608999999999999986e+01 1.000000000000000056e-01 4.570000000000000284e+00 1.100000000000000006e-01 4.500000000000000000e+00 1.000000000000000021e-02
