9.429999999999999716e+00 8.024507103937494890e-01
1.155000000000000071e+01 1.113240280175285868e+00
1.063000000000000078e+01 1.193971813380166225e+00
1.402999999999999936e+01 1.467843549447449547e+00
1.027999999999999936e+01 1.101990032250474982e+00
1.191999999999999993e+01 1.408750815551268687e+00
1.036999999999999922e+01 1.050293891072917596e+00
1.088000000000000078e+01 1.132988659588958669e+00
1.113000000000000078e+01 1.157680795285730646e+00
1.190000000000000036e+01 1.248170134675730125e+00
1.176999999999999957e+01 1.240803394808104976e+00
9.050000000000000711e+00 8.515077749626058790e-01
8.650000000000000355e+00 7.324645690811619758e-01
9.259999999999999787e+00 9.734659479842919794e-01
7.690000000000000391e+00 6.203404049719507540e-01
8.330000000000000071e+00 8.384905040686385647e-01
8.380000000000000782e+00 8.291970720290171570e-01
1.446000000000000085e+01 1.560741905139628294e+00
9.570000000000000284e+00 1.240455808256830217e+00
1.175999999999999979e+01 1.225252480809945865e+00
1.226999999999999957e+01 1.203838566425135426e+00
1.951000000000000156e+01 1.205936255224031584e+00
6.919999999999999929e+00 5.250414740499431687e-01
1.901999999999999957e+01 1.390155760587988176e+00
1.568999999999999950e+01 1.242174119129212606e+00
7.940000000000000391e+00 7.932402549658741364e-01
1.124000000000000021e+01 1.242174119129212606e+00
1.103999999999999915e+01 1.064454959478186247e+00
