1.435467000000000000e+06 7.044500837500000223e+00 2.330131539889999936e-01 6.433000000000000000e+03 8.600000000000000000e+01 -2.000000000000000111e-01 2.999999999999999889e-01 1.159999999999999920e+00 2.000000000000000111e-01 5.999999999999999778e-02 4.088000000000000078e+00 1.899999999999999953e-02 1.400000000000000029e-02 4.700000000000000178e+00 6.999999999999999556e-01 1.699999999999999956e+00 0.000000000000000000e+00 7.079999999999999716e+01 8.000000000000000444e-01
2.852862000000000000e+06 1.022193341250000032e+01 2.574872328764222229e-01 6.417000000000000000e+03 5.800000000000000000e+01 -2.000000000000000111e-01 2.999999999999999889e-01 1.489999999999999991e+00 1.300000000000000044e-01 1.499999999999999944e-01 3.964999999999999858e+00 1.200000000000000025e-02 1.299999999999999940e-02 3.000000000000000000e+00 6.999999999999999556e-01 6.999999999999999556e-01 0.000000000000000000e+00 5.379999999999999716e+01 6.999999999999999556e-01
2.998253000000000000e+06 6.755875531250000066e+00 1.118036669069999989e-01 6.333000000000000000e+03 5.400000000000000000e+01 -2.000000000000000111e-01 2.999999999999999889e-01 1.199999999999999956e+00 1.300000000000000044e-01 1.600000000000000033e-01 4.219000000000000306e+00 2.599999999999999881e-02 2.800000000000000058e-02 3.200000000000000178e+00 2.100000000000000089e+00 1.300000000000000044e+00 0.000000000000000000e+00 6.333000000000000000e+03 5.400000000000000000e+01
3.223000000000000000e+06 4.863208700000000384e+00 4.821194157061220453e-02 6.198000000000000000e+03 4.700000000000000000e+01 -2.000000000000000111e-01 2.999999999999999889e-01 1.080000000000000071e+00 1.300000000000000044e-01 1.400000000000000133e-01 4.354000000000000092e+00 2.500000000000000139e-02 2.599999999999999881e-02 3.299999999999999822e+00 2.799999999999999822e+00 2.200000000000000178e+00 0.000000000000000000e+00 6.198000000000000000e+03 4.700000000000000000e+01
3.236382000000000000e+06 3.565671925000000186e+00 1.059448411176306393e-01 6.831000000000000000e+03 5.800000000000000000e+01 -2.000000000000000111e-01 2.999999999999999889e-01 1.439999999999999947e+00 1.600000000000000033e-01 1.100000000000000006e-01 4.165000000000000036e+00 1.400000000000000029e-02 1.299999999999999940e-02 1.899999999999999911e+00 5.000000000000000000e-01 9.000000000000000222e-01 0.000000000000000000e+00 7.479999999999999716e+01 1.199999999999999956e+00
3.633847000000000000e+06 1.071489521874999973e+01 1.855678496263225286e-01 6.122000000000000000e+03 5.100000000000000000e+01 -2.000000000000000111e-01 2.999999999999999889e-01 1.250000000000000000e+00 1.100000000000000006e-01 1.499999999999999944e-01 4.000000000000000000e+00 1.600000000000000033e-02 1.799999999999999864e-02 4.900000000000000355e+00 1.100000000000000089e+00 1.000000000000000000e+00 0.000000000000000000e+00 6.110000000000000142e+01 1.000000000000000000e+00
3.633889000000000000e+06 4.275741262500000417e+00 1.231250856231912161e-01 6.452000000000000000e+03 4.900000000000000000e+01 -2.000000000000000111e-01 2.999999999999999889e-01 1.219999999999999973e+00 1.000000000000000056e-01 1.000000000000000056e-01 4.277999999999999581e+00 1.099999999999999936e-02 1.099999999999999936e-02 2.200000000000000178e+00 1.100000000000000089e+00 1.000000000000000000e+00 0.000000000000000000e+00 9.770000000000000284e+01 1.699999999999999956e+00
3.733735000000000000e+06 2.561868868749999972e+00 3.749817677714349651e-02 6.711000000000000000e+03 6.600000000000000000e+01 -2.000000000000000111e-01 2.999999999999999889e-01 1.340000000000000080e+00 8.999999999999999667e-02 1.300000000000000044e-01 4.272999999999999687e+00 1.600000000000000033e-02 1.600000000000000033e-02 1.100000000000000089e+00 1.100000000000000089e+00 6.999999999999999556e-01 0.000000000000000000e+00 9.279999999999999716e+01 2.500000000000000000e+00
3.735871000000000000e+06 1.121807384999999968e+01 2.186096639355000204e-01 6.176000000000000000e+03 5.000000000000000000e+01 -2.000000000000000111e-01 2.999999999999999889e-01 1.070000000000000062e+00 1.199999999999999956e-01 1.300000000000000044e-01 4.387999999999999901e+00 2.100000000000000130e-02 2.199999999999999872e-02 3.000000000000000000e+00 3.000000000000000000e+00 2.299999999999999822e+00 0.000000000000000000e+00 6.176000000000000000e+03 5.000000000000000000e+01
4.543171000000000000e+06 1.291406680000000051e+01 2.337069421315000062e-01 6.129000000000000000e+03 5.900000000000000000e+01 -2.000000000000000111e-01 2.999999999999999889e-01 1.320000000000000062e+00 8.999999999999999667e-02 1.199999999999999956e-01 4.110999999999999766e+00 1.600000000000000033e-02 1.600000000000000033e-02 3.799999999999999822e+00 9.000000000000000222e-01 8.000000000000000444e-01 0.000000000000000000e+00 7.100000000000000000e+01 1.699999999999999956e+00
4.554830000000000000e+06 7.729028112499999992e+00 1.212124117999998224e-01 5.466000000000000000e+03 6.000000000000000000e+01 -2.000000000000000111e-01 2.999999999999999889e-01 9.799999999999999822e-01 5.000000000000000278e-02 5.999999999999999778e-02 4.166999999999999815e+00 1.000000000000000021e-02 1.000000000000000021e-02 1.240000000000000036e+01 3.100000000000000089e+00 2.899999999999999911e+00 0.000000000000000000e+00 8.559999999999999432e+01 1.199999999999999956e+00
4.638884000000000000e+06 6.017709925000000126e+00 2.148690755270000197e-01 6.662000000000000000e+03 5.700000000000000000e+01 -2.000000000000000111e-01 2.999999999999999889e-01 1.429999999999999938e+00 1.400000000000000133e-01 1.000000000000000056e-01 4.041000000000000369e+00 1.299999999999999940e-02 1.400000000000000029e-02 2.899999999999999911e+00 5.999999999999999778e-01 8.000000000000000444e-01 0.000000000000000000e+00 6.120000000000000284e+01 1.100000000000000089e+00
4.646780000000000000e+06 4.434102049999999906e+00 2.785578846302077527e-01 6.856000000000000000e+03 1.380000000000000000e+02 -2.000000000000000111e-01 2.999999999999999889e-01 1.429999999999999938e+00 1.499999999999999944e-01 1.000000000000000056e-01 4.028999999999999915e+00 1.899999999999999953e-02 1.899999999999999953e-02 2.799999999999999822e+00 5.999999999999999778e-01 9.000000000000000222e-01 0.000000000000000000e+00 5.929999999999999716e+01 1.800000000000000044e+00
4.756112000000000000e+06 5.351062093750000415e+00 1.731966596512328760e-01 6.182000000000000000e+03 6.000000000000000000e+01 -2.000000000000000111e-01 2.999999999999999889e-01 1.429999999999999938e+00 1.600000000000000033e-01 1.600000000000000033e-01 3.737999999999999989e+00 2.100000000000000130e-02 1.799999999999999864e-02 3.600000000000000089e+00 8.000000000000000444e-01 8.000000000000000444e-01 0.000000000000000000e+00 3.720000000000000284e+01 8.000000000000000444e-01
4.931390000000000000e+06 7.580884150000000155e+00 1.829514549385117539e-01 6.557000000000000000e+03 5.100000000000000000e+01 -2.000000000000000111e-01 2.999999999999999889e-01 1.370000000000000107e+00 1.000000000000000056e-01 1.000000000000000056e-01 4.274000000000000021e+00 1.200000000000000025e-02 1.200000000000000025e-02 1.000000000000000000e+00 8.000000000000000444e-01 5.999999999999999778e-01 0.000000000000000000e+00 9.259999999999999432e+01 1.300000000000000044e+00
5.371516000000000000e+06 5.343399475000000010e+00 1.626235155010000155e-01 6.350000000000000000e+03 8.100000000000000000e+01 -2.000000000000000111e-01 2.999999999999999889e-01 1.360000000000000098e+00 1.400000000000000133e-01 1.300000000000000044e-01 3.966000000000000192e+00 1.499999999999999944e-02 1.400000000000000029e-02 3.700000000000000178e+00 1.000000000000000000e+00 8.000000000000000444e-01 0.000000000000000000e+00 5.560000000000000142e+01 5.999999999999999778e-01
5.468089000000000000e+06 1.101373734999999954e+01 1.731876415755000120e-01 6.728000000000000000e+03 4.290000000000000000e+02 -2.000000000000000111e-01 2.999999999999999889e-01 1.560000000000000053e+00 1.499999999999999944e-01 1.700000000000000122e-01 4.030000000000000249e+00 1.799999999999999864e-02 2.500000000000000139e-02 2.100000000000000089e+00 1.000000000000000000e+00 6.999999999999999556e-01 0.000000000000000000e+00 5.720000000000000284e+01 9.000000000000000222e-01
5.689219000000000000e+06 9.808151999999999981e-01 4.390561988049999969e-16 6.574000000000000000e+03 5.400000000000000000e+01 -2.000000000000000111e-01 2.999999999999999889e-01 1.379999999999999893e+00 1.300000000000000044e-01 1.100000000000000006e-01 4.067000000000000171e+00 1.299999999999999940e-02 1.299999999999999940e-02 3.000000000000000000e+00 6.999999999999999556e-01 6.999999999999999556e-01 0.000000000000000000e+00 6.479999999999999716e+01 1.000000000000000000e+00
5.773345000000000000e+06 1.103927941250000089e+01 5.554945723464933538e-01 6.214000000000000000e+03 6.100000000000000000e+01 -2.000000000000000111e-01 2.999999999999999889e-01 1.449999999999999956e+00 8.999999999999999667e-02 1.000000000000000056e-01 3.995999999999999996e+00 1.000000000000000021e-02 1.000000000000000021e-02 3.399999999999999911e+00 5.999999999999999778e-01 5.999999999999999778e-01 0.000000000000000000e+00 5.770000000000000284e+01 5.999999999999999778e-01
5.774694000000000000e+06 1.198433572500000110e+01 1.118036669068654537e-01 5.438000000000000000e+03 1.440000000000000000e+02 -2.000000000000000111e-01 2.999999999999999889e-01 0.000000000000000000e+00 0.000000000000000000e+00 0.000000000000000000e+00 0.000000000000000000e+00 0.000000000000000000e+00 0.000000000000000000e+00 0.000000000000000000e+00 0.000000000000000000e+00 0.000000000000000000e+00 0.000000000000000000e+00 5.438000000000000000e+03 1.440000000000000000e+02
6.049366000000000000e+06 9.493984631249999140e+00 1.821340014889815118e-01 6.220000000000000000e+03 6.200000000000000000e+01 -2.000000000000000111e-01 2.999999999999999889e-01 1.229999999999999982e+00 1.600000000000000033e-01 1.300000000000000044e-01 3.995999999999999996e+00 2.100000000000000130e-02 2.100000000000000130e-02 4.799999999999999822e+00 9.000000000000000222e-01 1.199999999999999956e+00 0.000000000000000000e+00 6.039999999999999858e+01 2.299999999999999822e+00
6.232600000000000000e+06 6.359973562500000455e+00 1.855678496260000088e-01 6.435000000000000000e+03 7.000000000000000000e+01 -2.000000000000000111e-01 2.999999999999999889e-01 1.229999999999999982e+00 1.300000000000000044e-01 1.499999999999999944e-01 4.269000000000000128e+00 2.500000000000000139e-02 2.599999999999999881e-02 2.299999999999999822e+00 1.800000000000000044e+00 1.300000000000000044e+00 0.000000000000000000e+00 6.435000000000000000e+03 7.000000000000000000e+01
6.363365000000000000e+06 8.970372349999999884e+00 1.392789423151038763e-01 6.282000000000000000e+03 7.600000000000000000e+01 -2.000000000000000111e-01 2.999999999999999889e-01 1.120000000000000107e+00 1.300000000000000044e-01 1.100000000000000006e-01 4.187999999999999723e+00 1.600000000000000033e-02 1.600000000000000033e-02 4.599999999999999645e+00 1.800000000000000044e+00 1.600000000000000089e+00 0.000000000000000000e+00 8.629999999999999716e+01 1.399999999999999911e+00
6.448798000000000000e+06 6.482575462499999830e+00 1.250002996687499812e-01 6.349000000000000000e+03 6.700000000000000000e+01 -2.000000000000000111e-01 2.999999999999999889e-01 1.399999999999999911e+00 2.200000000000000011e-01 1.199999999999999956e-01 3.829000000000000181e+00 1.700000000000000122e-02 1.700000000000000122e-02 3.799999999999999822e+00 6.999999999999999556e-01 1.300000000000000044e+00 0.000000000000000000e+00 4.289999999999999858e+01 1.500000000000000000e+00
6.508366000000000000e+06 3.736803743749999906e+00 1.515155147500001076e-01 6.499000000000000000e+03 4.600000000000000000e+01 -2.000000000000000111e-01 2.999999999999999889e-01 1.419999999999999929e+00 1.400000000000000133e-01 1.300000000000000044e-01 3.935000000000000053e+00 1.200000000000000025e-02 1.299999999999999940e-02 3.299999999999999822e+00 1.000000000000000000e+00 8.000000000000000444e-01 0.000000000000000000e+00 5.160000000000000142e+01 8.000000000000000444e-01
6.520835000000000000e+06 1.289363314999999943e+01 1.607064719025000088e-01 6.146000000000000000e+03 5.000000000000000000e+01 -2.000000000000000111e-01 2.999999999999999889e-01 1.360000000000000098e+00 1.799999999999999933e-01 1.300000000000000044e-01 3.900999999999999801e+00 1.600000000000000033e-02 1.600000000000000033e-02 4.299999999999999822e+00 6.999999999999999556e-01 1.199999999999999956e+00 0.000000000000000000e+00 4.970000000000000284e+01 8.000000000000000444e-01
6.689943000000000000e+06 1.150669915625000073e+01 2.121329938264999992e-01 6.011000000000000000e+03 5.400000000000000000e+01 -2.000000000000000111e-01 2.999999999999999889e-01 1.209999999999999964e+00 8.999999999999999667e-02 8.000000000000000167e-02 4.165000000000000036e+00 1.299999999999999940e-02 1.400000000000000029e-02 4.700000000000000178e+00 1.000000000000000000e+00 1.000000000000000000e+00 0.000000000000000000e+00 8.070000000000000284e+01 1.500000000000000000e+00
6.853020000000000000e+06 4.965376949999999567e+00 1.605277103105000047e-01 6.437000000000000000e+03 5.600000000000000000e+01 -2.000000000000000111e-01 2.999999999999999889e-01 1.290000000000000036e+00 2.300000000000000100e-01 1.199999999999999956e-01 3.955999999999999961e+00 2.400000000000000050e-02 2.000000000000000042e-02 4.400000000000000355e+00 6.999999999999999556e-01 1.600000000000000089e+00 0.000000000000000000e+00 6.437000000000000000e+03 5.600000000000000000e+01
7.103006000000000000e+06 4.771257274999999964e+00 2.536848173592194944e-01 6.421000000000000000e+03 5.100000000000000000e+01 -2.000000000000000111e-01 2.999999999999999889e-01 1.379999999999999893e+00 1.300000000000000044e-01 1.600000000000000033e-01 4.011000000000000121e+00 1.400000000000000029e-02 1.600000000000000033e-02 3.399999999999999911e+00 1.199999999999999956e+00 6.999999999999999556e-01 0.000000000000000000e+00 5.950000000000000000e+01 1.100000000000000089e+00
7.206837000000000000e+06 4.056079525000000352e+00 4.545465442499976860e-02 6.392000000000000000e+03 5.900000000000000000e+01 -2.000000000000000111e-01 2.999999999999999889e-01 1.300000000000000044e+00 1.100000000000000006e-01 1.300000000000000044e-01 4.165000000000000036e+00 1.299999999999999940e-02 1.499999999999999944e-02 3.000000000000000000e+00 1.000000000000000000e+00 8.000000000000000444e-01 0.000000000000000000e+00 7.890000000000000568e+01 1.399999999999999911e+00
7.218053000000000000e+06 3.580997162500000108e+00 1.731966596512328760e-01 5.985000000000000000e+03 2.320000000000000000e+02 -2.000000000000000111e-01 2.999999999999999889e-01 0.000000000000000000e+00 0.000000000000000000e+00 0.000000000000000000e+00 0.000000000000000000e+00 0.000000000000000000e+00 0.000000000000000000e+00 0.000000000000000000e+00 0.000000000000000000e+00 0.000000000000000000e+00 0.000000000000000000e+00 4.050000000000000000e+01 2.000000000000000000e+00
7.386523000000000000e+06 7.601317800000000346e+00 2.755541981665000084e-01 5.796000000000000000e+03 6.700000000000000000e+01 -2.000000000000000111e-01 2.999999999999999889e-01 1.189999999999999947e+00 1.300000000000000044e-01 1.600000000000000033e-01 3.858999999999999986e+00 2.400000000000000050e-02 2.199999999999999872e-02 5.500000000000000000e+00 1.600000000000000089e+00 6.999999999999999556e-01 0.000000000000000000e+00 4.829999999999999716e+01 2.000000000000000000e+00
7.622208000000000000e+06 3.302588681250000047e+00 1.269451340189999833e-01 6.606000000000000000e+03 9.900000000000000000e+01 -2.000000000000000111e-01 2.999999999999999889e-01 1.389999999999999902e+00 1.100000000000000006e-01 1.900000000000000022e-01 4.008000000000000007e+00 1.299999999999999940e-02 1.400000000000000029e-02 3.200000000000000178e+00 1.699999999999999956e+00 6.999999999999999556e-01 0.000000000000000000e+00 5.920000000000000284e+01 1.399999999999999911e+00
7.668623000000000000e+06 4.822341400000000000e+00 2.354095049374319792e+00 6.277000000000000000e+03 4.800000000000000000e+01 -2.000000000000000111e-01 2.999999999999999889e-01 1.360000000000000098e+00 2.000000000000000111e-01 1.400000000000000133e-01 3.862000000000000099e+00 2.000000000000000042e-02 1.799999999999999864e-02 4.099999999999999645e+00 9.000000000000000222e-01 1.199999999999999956e+00 0.000000000000000000e+00 4.650000000000000000e+01 8.000000000000000444e-01
7.739672000000000000e+06 1.193325160000000018e+01 1.000002397350000294e+00 6.069000000000000000e+03 5.500000000000000000e+01 -2.000000000000000111e-01 2.999999999999999889e-01 1.260000000000000009e+00 1.300000000000000044e-01 2.099999999999999922e-01 4.048000000000000043e+00 2.000000000000000042e-02 2.599999999999999881e-02 4.599999999999999645e+00 2.299999999999999822e+00 1.100000000000000089e+00 0.000000000000000000e+00 6.609999999999999432e+01 1.500000000000000000e+00
7.771282000000000000e+06 1.180043287500000027e+01 3.280407121024386807e-01 6.407000000000000000e+03 7.400000000000000000e+01 -2.000000000000000111e-01 2.999999999999999889e-01 1.320000000000000062e+00 1.000000000000000056e-01 1.799999999999999933e-01 4.118999999999999773e+00 1.600000000000000033e-02 1.899999999999999953e-02 3.200000000000000178e+00 1.399999999999999911e+00 6.999999999999999556e-01 0.000000000000000000e+00 7.259999999999999432e+01 1.699999999999999956e+00
7.910848000000000000e+06 1.233170777500000170e+01 2.907944570649999561e-01 6.074000000000000000e+03 5.600000000000000000e+01 -2.000000000000000111e-01 2.999999999999999889e-01 1.090000000000000080e+00 1.900000000000000022e-01 1.100000000000000006e-01 4.086999999999999744e+00 2.599999999999999881e-02 1.899999999999999953e-02 6.299999999999999822e+00 1.899999999999999911e+00 2.200000000000000178e+00 0.000000000000000000e+00 6.074000000000000000e+03 5.600000000000000000e+01
8.016496000000000000e+06 1.095243639999999985e+01 1.855678496263225286e-01 6.446000000000000000e+03 7.300000000000000000e+01 -2.000000000000000111e-01 2.999999999999999889e-01 1.429999999999999938e+00 1.499999999999999944e-01 1.199999999999999956e-01 3.975999999999999979e+00 1.400000000000000029e-02 1.499999999999999944e-02 3.200000000000000178e+00 6.999999999999999556e-01 8.000000000000000444e-01 0.000000000000000000e+00 5.500000000000000000e+01 1.199999999999999956e+00
8.174981000000000000e+06 1.778749232499999877e+01 2.057042840346147816e+00 6.065000000000000000e+03 5.300000000000000000e+01 -2.000000000000000111e-01 2.999999999999999889e-01 1.379999999999999893e+00 1.199999999999999956e-01 1.900000000000000022e-01 3.947999999999999954e+00 1.400000000000000029e-02 2.000000000000000042e-02 4.000000000000000000e+00 1.199999999999999956e+00 6.999999999999999556e-01 0.000000000000000000e+00 5.389999999999999858e+01 1.199999999999999956e+00
8.179536000000000000e+06 5.435350899999999541e+00 1.619459175196447775e+00 6.418000000000000000e+03 5.000000000000000000e+01 -2.000000000000000111e-01 2.999999999999999889e-01 1.280000000000000027e+00 1.100000000000000006e-01 1.300000000000000044e-01 4.272999999999999687e+00 1.400000000000000029e-02 1.499999999999999944e-02 1.800000000000000044e+00 1.199999999999999956e+00 9.000000000000000222e-01 0.000000000000000000e+00 9.500000000000000000e+01 2.000000000000000000e+00
8.216936000000000000e+06 3.126348450000000057e+00 7.865278502115000125e-02 6.437000000000000000e+03 5.000000000000000000e+01 -2.000000000000000111e-01 2.999999999999999889e-01 1.370000000000000107e+00 1.400000000000000133e-01 1.700000000000000122e-01 4.008000000000000007e+00 1.899999999999999953e-02 1.899999999999999953e-02 3.399999999999999911e+00 1.300000000000000044e+00 6.999999999999999556e-01 0.000000000000000000e+00 5.860000000000000142e+01 2.299999999999999822e+00
8.249189000000000000e+06 3.192757812500000014e+00 1.010103431666676231e-02 6.432000000000000000e+03 6.500000000000000000e+01 -2.000000000000000111e-01 2.999999999999999889e-01 1.330000000000000071e+00 1.100000000000000006e-01 1.900000000000000022e-01 4.089999999999999858e+00 2.599999999999999881e-02 2.599999999999999881e-02 3.399999999999999911e+00 1.500000000000000000e+00 8.000000000000000444e-01 0.000000000000000000e+00 6.809999999999999432e+01 5.799999999999999822e+00
8.289241000000000000e+06 8.122375874999999468e+00 1.151916568131361035e-01 6.306000000000000000e+03 5.200000000000000000e+01 -2.000000000000000111e-01 2.999999999999999889e-01 1.129999999999999893e+00 1.199999999999999956e-01 1.199999999999999956e-01 4.241999999999999993e+00 1.700000000000000122e-02 1.700000000000000122e-02 4.000000000000000000e+00 1.899999999999999911e+00 1.500000000000000000e+00 0.000000000000000000e+00 9.509999999999999432e+01 2.799999999999999822e+00
8.367710000000000000e+06 3.892610324999999705e+00 5.606074045750024659e-01 6.352000000000000000e+03 6.600000000000000000e+01 -2.000000000000000111e-01 2.999999999999999889e-01 1.399999999999999911e+00 1.499999999999999944e-01 1.199999999999999956e-01 3.983000000000000096e+00 1.400000000000000029e-02 1.499999999999999944e-02 3.399999999999999911e+00 8.000000000000000444e-01 8.000000000000000444e-01 0.000000000000000000e+00 5.610000000000000142e+01 1.100000000000000089e+00
8.379927000000000000e+06 1.729197631249999745e+01 1.118036669068689787e-01 6.034000000000000000e+03 7.400000000000000000e+01 -2.000000000000000111e-01 2.999999999999999889e-01 1.199999999999999956e+00 5.999999999999999778e-02 7.000000000000000666e-02 4.395999999999999908e+00 8.000000000000000167e-03 8.999999999999999320e-03 1.199999999999999956e+00 1.199999999999999956e+00 1.000000000000000000e+00 0.000000000000000000e+00 1.205000000000000000e+02 1.000000000000000000e+00
8.408931000000000000e+06 1.844903174374999821e+01 2.918089580460918597e-01 6.252000000000000000e+03 1.200000000000000000e+02 -2.000000000000000111e-01 2.999999999999999889e-01 1.560000000000000053e+00 2.800000000000000266e-01 1.499999999999999944e-01 3.704000000000000181e+00 2.100000000000000130e-02 1.700000000000000122e-02 2.899999999999999911e+00 6.999999999999999556e-01 1.199999999999999956e+00 0.000000000000000000e+00 3.400000000000000000e+01 5.999999999999999778e-01
8.414062000000000000e+06 1.131002527500000099e+01 2.535654771905000437e-01 6.578000000000000000e+03 6.100000000000000000e+01 -2.000000000000000111e-01 2.999999999999999889e-01 1.350000000000000089e+00 1.100000000000000006e-01 1.499999999999999944e-01 4.100999999999999979e+00 1.899999999999999953e-02 2.100000000000000130e-02 2.899999999999999911e+00 1.100000000000000089e+00 6.999999999999999556e-01 0.000000000000000000e+00 6.578000000000000000e+03 6.100000000000000000e+01
8.435400000000000000e+06 6.850381162499999732e+00 3.280407121024386807e-01 6.322000000000000000e+03 5.900000000000000000e+01 -2.000000000000000111e-01 2.999999999999999889e-01 1.500000000000000000e+00 1.300000000000000044e-01 2.099999999999999922e-01 3.862999999999999989e+00 1.600000000000000033e-02 1.600000000000000033e-02 3.100000000000000089e+00 1.199999999999999956e+00 6.999999999999999556e-01 0.000000000000000000e+00 4.460000000000000142e+01 1.800000000000000044e+00
8.491374000000000000e+06 1.107503829999999923e+01 4.231937093420000129e-01 6.520000000000000000e+03 6.500000000000000000e+01 -2.000000000000000111e-01 2.999999999999999889e-01 1.379999999999999893e+00 1.400000000000000133e-01 1.900000000000000022e-01 3.987999999999999989e+00 2.299999999999999961e-02 2.299999999999999961e-02 3.299999999999999822e+00 1.500000000000000000e+00 6.999999999999999556e-01 0.000000000000000000e+00 5.750000000000000000e+01 2.200000000000000178e+00
8.516041000000000000e+06 7.958906674999999709e+00 3.280407121024386807e-01 6.214000000000000000e+03 6.500000000000000000e+01 -2.000000000000000111e-01 2.999999999999999889e-01 1.090000000000000080e+00 1.300000000000000044e-01 1.199999999999999956e-01 4.246000000000000441e+00 1.799999999999999864e-02 1.899999999999999953e-02 4.799999999999999822e+00 2.399999999999999911e+00 1.899999999999999911e+00 0.000000000000000000e+00 9.629999999999999716e+01 2.899999999999999911e+00
8.579578000000000000e+06 3.506925181249999746e+00 3.375950183251277714e+00 6.308000000000000000e+03 4.500000000000000000e+01 -2.000000000000000111e-01 2.999999999999999889e-01 1.370000000000000107e+00 1.600000000000000033e-01 1.600000000000000033e-01 3.908999999999999808e+00 1.700000000000000122e-02 2.199999999999999872e-02 3.799999999999999822e+00 1.100000000000000089e+00 9.000000000000000222e-01 0.000000000000000000e+00 5.010000000000000142e+01 9.000000000000000222e-01
8.656342000000000000e+06 1.435463912499999939e+00 2.020206863333352462e-02 6.074000000000000000e+03 7.100000000000000000e+01 -2.000000000000000111e-01 2.999999999999999889e-01 1.100000000000000089e+00 2.000000000000000111e-01 1.100000000000000006e-01 4.073000000000000398e+00 2.599999999999999881e-02 2.000000000000000042e-02 6.200000000000000178e+00 1.800000000000000044e+00 2.200000000000000178e+00 0.000000000000000000e+00 6.074000000000000000e+03 7.100000000000000000e+01
8.696343000000000000e+06 1.040072784999999911e+01 2.403199452459999774e-01 6.178000000000000000e+03 6.500000000000000000e+01 -2.000000000000000111e-01 2.999999999999999889e-01 1.110000000000000098e+00 1.100000000000000006e-01 1.300000000000000044e-01 4.334999999999999964e+00 1.499999999999999944e-02 1.600000000000000033e-02 3.399999999999999911e+00 2.500000000000000000e+00 1.699999999999999956e+00 0.000000000000000000e+00 1.100999999999999943e+02 3.299999999999999822e+00
8.950146000000000000e+06 8.520832049999999214e+00 1.693994953134355386e-01 6.374000000000000000e+03 6.000000000000000000e+01 -2.000000000000000111e-01 2.999999999999999889e-01 1.239999999999999991e+00 1.100000000000000006e-01 1.499999999999999944e-01 4.266000000000000014e+00 1.799999999999999864e-02 1.899999999999999953e-02 2.299999999999999822e+00 1.699999999999999956e+00 1.100000000000000089e+00 0.000000000000000000e+00 9.490000000000000568e+01 2.500000000000000000e+00
8.952800000000000000e+06 1.379782216250000104e+01 5.587500819094999294e-01 6.122000000000000000e+03 5.500000000000000000e+01 -2.000000000000000111e-01 2.999999999999999889e-01 1.389999999999999902e+00 1.100000000000000006e-01 1.300000000000000044e-01 3.947000000000000064e+00 1.099999999999999936e-02 1.299999999999999940e-02 3.899999999999999911e+00 1.000000000000000000e+00 5.999999999999999778e-01 0.000000000000000000e+00 5.360000000000000142e+01 1.100000000000000089e+00
9.093289000000000000e+06 6.855489575000000002e+00 1.537727850939999974e-01 6.285000000000000000e+03 5.700000000000000000e+01 -2.000000000000000111e-01 2.999999999999999889e-01 1.179999999999999938e+00 1.400000000000000133e-01 1.499999999999999944e-01 4.201999999999999957e+00 2.299999999999999961e-02 2.400000000000000050e-02 3.700000000000000178e+00 2.200000000000000178e+00 1.399999999999999911e+00 0.000000000000000000e+00 8.709999999999999432e+01 2.799999999999999822e+00
9.098294000000000000e+06 1.921784782499999977e+01 6.899148546830000672e-01 6.020000000000000000e+03 5.100000000000000000e+01 -2.000000000000000111e-01 2.999999999999999889e-01 1.000000000000000000e+00 1.000000000000000056e-01 1.000000000000000056e-01 4.306000000000000050e+00 1.299999999999999940e-02 1.299999999999999940e-02 6.700000000000000178e+00 2.799999999999999822e+00 2.200000000000000178e+00 0.000000000000000000e+00 1.087999999999999972e+02 1.699999999999999956e+00
9.116461000000000000e+06 3.085481150000000117e+00 4.561199293035000241e-02 6.470000000000000000e+03 4.700000000000000000e+01 -2.000000000000000111e-01 2.999999999999999889e-01 1.229999999999999982e+00 1.000000000000000056e-01 1.300000000000000044e-01 4.323000000000000398e+00 1.499999999999999944e-02 1.700000000000000122e-02 1.399999999999999911e+00 1.500000000000000000e+00 1.100000000000000089e+00 0.000000000000000000e+00 1.047000000000000028e+02 2.299999999999999822e+00
9.163769000000000000e+06 3.167215749999999996e+00 1.010103431666676231e-02 6.438000000000000000e+03 1.000000000000000000e+02 -2.000000000000000111e-01 2.999999999999999889e-01 1.360000000000000098e+00 8.000000000000000167e-02 1.300000000000000044e-01 4.193999999999999950e+00 1.600000000000000033e-02 1.700000000000000122e-02 2.200000000000000178e+00 1.000000000000000000e+00 5.999999999999999778e-01 0.000000000000000000e+00 8.120000000000000284e+01 1.699999999999999956e+00
9.202077000000000000e+06 1.499319068750000028e+01 7.566805759162928968e-01 6.119000000000000000e+03 7.000000000000000000e+01 -2.000000000000000111e-01 2.999999999999999889e-01 1.389999999999999902e+00 1.199999999999999956e-01 8.999999999999999667e-02 3.995999999999999996e+00 1.299999999999999940e-02 1.299999999999999940e-02 3.799999999999999822e+00 6.999999999999999556e-01 8.000000000000000444e-01 0.000000000000000000e+00 5.820000000000000284e+01 6.999999999999999556e-01
9.225600000000000000e+06 8.372688087500000265e+00 2.314753768195000061e-01 6.262000000000000000e+03 5.600000000000000000e+01 -2.000000000000000111e-01 2.999999999999999889e-01 1.290000000000000036e+00 1.199999999999999956e-01 1.499999999999999944e-01 4.046000000000000263e+00 1.899999999999999953e-02 2.000000000000000042e-02 4.099999999999999645e+00 1.100000000000000089e+00 9.000000000000000222e-01 0.000000000000000000e+00 6.479999999999999716e+01 1.800000000000000044e+00
9.226926000000000000e+06 2.206834199999999857e+00 4.373876161365873594e-02 7.149000000000000000e+03 1.320000000000000000e+02 -2.000000000000000111e-01 2.999999999999999889e-01 1.459999999999999964e+00 1.499999999999999944e-01 1.000000000000000056e-01 4.168999999999999595e+00 1.600000000000000033e-02 1.600000000000000033e-02 1.800000000000000044e+00 5.000000000000000000e-01 8.000000000000000444e-01 0.000000000000000000e+00 7.320000000000000284e+01 1.399999999999999911e+00
9.287845000000000000e+06 9.999717468749999227e+00 5.013053394544999541e-01 6.488000000000000000e+03 6.200000000000000000e+01 -2.000000000000000111e-01 2.999999999999999889e-01 1.479999999999999982e+00 1.600000000000000033e-01 1.400000000000000133e-01 3.896999999999999797e+00 2.100000000000000130e-02 2.100000000000000130e-02 3.000000000000000000e+00 9.000000000000000222e-01 9.000000000000000222e-01 0.000000000000000000e+00 4.689999999999999858e+01 1.899999999999999911e+00
9.289275000000000000e+06 1.142751876250000009e+01 4.201107483773199869e-01 6.227000000000000000e+03 4.800000000000000000e+01 -2.000000000000000111e-01 2.999999999999999889e-01 1.350000000000000089e+00 8.000000000000000167e-02 1.199999999999999956e-01 4.065000000000000391e+00 1.099999999999999936e-02 1.200000000000000025e-02 3.700000000000000178e+00 9.000000000000000222e-01 5.999999999999999778e-01 0.000000000000000000e+00 6.640000000000000568e+01 9.000000000000000222e-01
9.328372000000000000e+06 3.780225249999999981e+00 7.323249879585000399e-02 6.572000000000000000e+03 8.000000000000000000e+01 -2.000000000000000111e-01 2.999999999999999889e-01 1.360000000000000098e+00 1.100000000000000006e-01 1.300000000000000044e-01 4.089000000000000412e+00 2.199999999999999872e-02 2.199999999999999872e-02 2.899999999999999911e+00 1.000000000000000000e+00 6.999999999999999556e-01 0.000000000000000000e+00 6.740000000000000568e+01 2.899999999999999911e+00
9.390670000000000000e+06 3.540129862499999724e+00 1.590912904874998701e-01 6.246000000000000000e+03 5.000000000000000000e+01 -2.000000000000000111e-01 2.999999999999999889e-01 1.229999999999999982e+00 1.499999999999999944e-01 1.499999999999999944e-01 4.088000000000000078e+00 2.199999999999999872e-02 2.400000000000000050e-02 4.299999999999999822e+00 1.399999999999999911e+00 1.100000000000000089e+00 0.000000000000000000e+00 7.059999999999999432e+01 2.100000000000000089e+00
9.414417000000000000e+06 1.073277466249999890e+01 1.818186176999990744e-01 6.278000000000000000e+03 5.200000000000000000e+01 -2.000000000000000111e-01 2.999999999999999889e-01 1.239999999999999991e+00 1.400000000000000133e-01 1.100000000000000006e-01 3.995000000000000107e+00 1.600000000000000033e-02 1.400000000000000029e-02 4.700000000000000178e+00 5.999999999999999778e-01 1.199999999999999956e+00 0.000000000000000000e+00 6.029999999999999716e+01 8.000000000000000444e-01
9.446628000000000000e+06 9.969066993750001160e+00 1.939398588800007817e+00 6.298000000000000000e+03 5.900000000000000000e+01 -2.000000000000000111e-01 2.999999999999999889e-01 1.300000000000000044e+00 1.700000000000000122e-01 1.400000000000000133e-01 3.970000000000000195e+00 2.199999999999999872e-02 2.299999999999999961e-02 4.299999999999999822e+00 8.000000000000000444e-01 1.100000000000000089e+00 0.000000000000000000e+00 5.610000000000000142e+01 2.500000000000000000e+00
9.579208000000000000e+06 5.271881699999999782e+00 1.136366360624987831e-01 6.422000000000000000e+03 5.600000000000000000e+01 -2.000000000000000111e-01 2.999999999999999889e-01 1.330000000000000071e+00 1.000000000000000056e-01 1.499999999999999944e-01 4.022999999999999687e+00 1.299999999999999940e-02 1.400000000000000029e-02 3.600000000000000089e+00 1.399999999999999911e+00 5.999999999999999778e-01 0.000000000000000000e+00 6.170000000000000284e+01 1.100000000000000089e+00
9.697131000000000000e+06 6.344648324999999645e+00 2.575763750749984760e-01 6.491000000000000000e+03 6.900000000000000000e+01 -2.000000000000000111e-01 2.999999999999999889e-01 1.389999999999999902e+00 1.499999999999999944e-01 1.100000000000000006e-01 4.024000000000000021e+00 1.499999999999999944e-02 1.700000000000000122e-02 3.200000000000000178e+00 8.000000000000000444e-01 8.000000000000000444e-01 0.000000000000000000e+00 6.020000000000000284e+01 1.199999999999999956e+00
9.702369000000000000e+06 1.167272256249999884e+01 5.554945723464933538e-01 6.431000000000000000e+03 5.000000000000000000e+01 -2.000000000000000111e-01 2.999999999999999889e-01 1.270000000000000018e+00 8.999999999999999667e-02 1.100000000000000006e-01 4.261000000000000121e+00 1.099999999999999936e-02 1.200000000000000025e-02 2.000000000000000000e+00 1.000000000000000000e+00 8.000000000000000444e-01 0.000000000000000000e+00 9.359999999999999432e+01 1.399999999999999911e+00
9.715099000000000000e+06 4.750823625000000661e+00 2.138284365526132991e+00 6.225000000000000000e+03 5.300000000000000000e+01 -2.000000000000000111e-01 2.999999999999999889e-01 1.370000000000000107e+00 1.499999999999999944e-01 1.700000000000000122e-01 3.779999999999999805e+00 1.899999999999999953e-02 1.899999999999999953e-02 4.000000000000000000e+00 1.000000000000000000e+00 6.999999999999999556e-01 0.000000000000000000e+00 6.225000000000000000e+03 5.300000000000000000e+01
9.762786000000000000e+06 2.352423956250000003e+00 1.032590491595564375e+00 6.482000000000000000e+03 5.200000000000000000e+01 -2.000000000000000111e-01 2.999999999999999889e-01 1.379999999999999893e+00 1.400000000000000133e-01 1.900000000000000022e-01 3.990000000000000213e+00 1.400000000000000029e-02 1.400000000000000029e-02 3.399999999999999911e+00 1.500000000000000000e+00 8.000000000000000444e-01 0.000000000000000000e+00 5.689999999999999858e+01 3.600000000000000089e+00
9.812421000000000000e+06 1.200476937499999863e+01 2.220740816230000192e-01 5.265000000000000000e+03 6.300000000000000000e+01 -2.000000000000000111e-01 2.999999999999999889e-01 1.350000000000000089e+00 2.399999999999999911e-01 1.799999999999999933e-01 3.555000000000000160e+00 1.200000000000000025e-02 1.200000000000000025e-02 4.099999999999999645e+00 1.500000000000000000e+00 1.500000000000000000e+00 0.000000000000000000e+00 2.769999999999999929e+01 9.000000000000000222e-01
9.812850000000000000e+06 5.062436787499999369e+00 1.664371801785000105e-01 6.407000000000000000e+03 4.700000000000000000e+01 -2.000000000000000111e-01 2.999999999999999889e-01 1.310000000000000053e+00 1.100000000000000006e-01 1.600000000000000033e-01 4.048000000000000043e+00 1.499999999999999944e-02 1.700000000000000122e-02 3.700000000000000178e+00 1.300000000000000044e+00 6.999999999999999556e-01 0.000000000000000000e+00 6.490000000000000568e+01 1.100000000000000089e+00
1.001623900000000000e+07 4.832558224999999652e+00 7.472203987254999458e-02 6.482000000000000000e+03 5.100000000000000000e+01 -2.000000000000000111e-01 2.999999999999999889e-01 1.270000000000000018e+00 8.999999999999999667e-02 1.100000000000000006e-01 4.320000000000000284e+00 1.099999999999999936e-02 1.200000000000000025e-02 1.100000000000000089e+00 1.100000000000000089e+00 9.000000000000000222e-01 0.000000000000000000e+00 1.027000000000000028e+02 2.000000000000000000e+00
1.002464800000000000e+07 1.053354657499999902e+01 7.696988149300001858e+00 6.409000000000000000e+03 1.570000000000000000e+02 -2.000000000000000111e-01 2.999999999999999889e-01 1.449999999999999956e+00 1.300000000000000044e-01 1.100000000000000006e-01 3.990000000000000213e+00 1.299999999999999940e-02 1.400000000000000029e-02 3.200000000000000178e+00 6.999999999999999556e-01 8.000000000000000444e-01 0.000000000000000000e+00 5.650000000000000000e+01 6.999999999999999556e-01
1.002584100000000000e+07 1.162674684999999997e+01 9.642388314122719850e-02 5.738000000000000000e+03 1.870000000000000000e+02 -2.000000000000000111e-01 2.999999999999999889e-01 1.030000000000000027e+00 2.000000000000000111e-01 1.400000000000000133e-01 4.099000000000000199e+00 2.800000000000000058e-02 2.400000000000000050e-02 9.000000000000000000e+00 4.599999999999999645e+00 3.899999999999999911e+00 0.000000000000000000e+00 7.550000000000000000e+01 1.500000000000000000e+00
1.018676400000000000e+07 1.129470003750000018e+01 1.686241182589999776e-01 6.488000000000000000e+03 7.400000000000000000e+01 -2.000000000000000111e-01 2.999999999999999889e-01 1.350000000000000089e+00 8.999999999999999667e-02 1.700000000000000122e-01 4.088000000000000078e+00 1.400000000000000029e-02 1.600000000000000033e-02 3.100000000000000089e+00 1.500000000000000000e+00 5.999999999999999778e-01 0.000000000000000000e+00 6.840000000000000568e+01 1.500000000000000000e+00
1.032238100000000000e+07 1.281700696249999893e+01 3.997828089397101325e-01 6.464000000000000000e+03 6.300000000000000000e+01 -2.000000000000000111e-01 2.999999999999999889e-01 1.260000000000000009e+00 1.199999999999999956e-01 1.600000000000000033e-01 4.205000000000000071e+00 2.500000000000000139e-02 2.599999999999999881e-02 2.799999999999999822e+00 1.500000000000000000e+00 1.100000000000000089e+00 0.000000000000000000e+00 8.659999999999999432e+01 4.299999999999999822e+00
1.032409800000000000e+07 1.028068015624999987e+01 1.761754751259715923e-01 6.370000000000000000e+03 6.800000000000000000e+01 -2.000000000000000111e-01 2.999999999999999889e-01 1.389999999999999902e+00 1.700000000000000122e-01 1.000000000000000056e-01 3.907999999999999918e+00 1.499999999999999944e-02 1.499999999999999944e-02 3.700000000000000178e+00 5.999999999999999778e-01 1.000000000000000000e+00 0.000000000000000000e+00 4.960000000000000142e+01 1.000000000000000000e+00
1.035585600000000000e+07 4.495402999999999594e+00 1.136366360625005179e-01 6.558000000000000000e+03 5.600000000000000000e+01 -2.000000000000000111e-01 2.999999999999999889e-01 1.389999999999999902e+00 1.499999999999999944e-01 8.000000000000000167e-02 4.086999999999999744e+00 1.000000000000000021e-02 1.000000000000000021e-02 2.799999999999999822e+00 5.000000000000000000e-01 6.999999999999999556e-01 0.000000000000000000e+00 6.679999999999999716e+01 9.000000000000000222e-01
1.045411300000000000e+07 1.453087935625000071e+01 2.121217206500000119e-01 6.197000000000000000e+03 4.500000000000000000e+01 -2.000000000000000111e-01 2.999999999999999889e-01 1.189999999999999947e+00 1.000000000000000056e-01 1.000000000000000056e-01 4.309000000000000163e+00 1.000000000000000021e-02 1.099999999999999936e-02 2.700000000000000178e+00 1.500000000000000000e+00 1.199999999999999956e+00 0.000000000000000000e+00 1.037999999999999972e+02 1.300000000000000044e+00
1.046294000000000000e+07 9.103191074999999799e+00 2.517957906655000078e-01 6.265000000000000000e+03 4.800000000000000000e+01 -2.000000000000000111e-01 2.999999999999999889e-01 1.199999999999999956e+00 1.199999999999999956e-01 1.300000000000000044e-01 4.318999999999999950e+00 1.899999999999999953e-02 2.000000000000000042e-02 2.200000000000000178e+00 1.699999999999999956e+00 1.399999999999999911e+00 0.000000000000000000e+00 1.035000000000000000e+02 2.799999999999999822e+00
1.061002700000000000e+07 1.726643425000000009e+00 2.525258579170000170e-02 6.704000000000000000e+03 5.800000000000000000e+01 -2.000000000000000111e-01 2.999999999999999889e-01 1.340000000000000080e+00 1.000000000000000056e-01 1.600000000000000033e-01 4.222999999999999865e+00 2.100000000000000130e-02 2.100000000000000130e-02 1.800000000000000044e+00 1.399999999999999911e+00 6.999999999999999556e-01 0.000000000000000000e+00 8.590000000000000568e+01 3.000000000000000000e+00
1.065595300000000000e+07 6.589852125000000171e+00 1.010103431666658641e-01 6.594000000000000000e+03 6.100000000000000000e+01 -2.000000000000000111e-01 2.999999999999999889e-01 1.260000000000000009e+00 8.000000000000000167e-02 1.000000000000000056e-01 4.333000000000000185e+00 1.899999999999999953e-02 2.100000000000000130e-02 8.000000000000000444e-01 1.199999999999999956e+00 8.000000000000000444e-01 0.000000000000000000e+00 6.594000000000000000e+03 6.100000000000000000e+01
1.072792200000000000e+07 1.158587955000000136e+01 2.474237995017612712e-01 6.319000000000000000e+03 6.600000000000000000e+01 -2.000000000000000111e-01 2.999999999999999889e-01 1.290000000000000036e+00 1.600000000000000033e-01 1.300000000000000044e-01 3.956999999999999851e+00 2.000000000000000042e-02 2.100000000000000130e-02 4.400000000000000355e+00 8.000000000000000444e-01 1.199999999999999956e+00 0.000000000000000000e+00 5.539999999999999858e+01 2.899999999999999911e+00
1.079484500000000000e+07 1.409921849999999921e+00 2.020206863333330258e-02 6.398000000000000000e+03 5.500000000000000000e+01 -2.000000000000000111e-01 2.999999999999999889e-01 1.169999999999999929e+00 8.999999999999999667e-02 1.199999999999999956e-01 4.375000000000000000e+00 1.799999999999999864e-02 2.000000000000000042e-02 1.199999999999999956e+00 1.800000000000000044e+00 1.199999999999999956e+00 0.000000000000000000e+00 1.162999999999999972e+02 3.600000000000000089e+00
1.095936200000000000e+07 1.575434415000000143e+01 1.098487481937500121e+00 5.806000000000000000e+03 9.400000000000000000e+01 -2.000000000000000111e-01 2.999999999999999889e-01 1.219999999999999973e+00 1.300000000000000044e-01 2.000000000000000111e-01 3.843999999999999861e+00 1.700000000000000122e-02 1.700000000000000122e-02 5.299999999999999822e+00 1.600000000000000089e+00 6.999999999999999556e-01 0.000000000000000000e+00 4.600000000000000000e+01 1.699999999999999956e+00
1.097225200000000000e+07 1.207628714999999886e+01 6.804154486298429338e-01 6.237000000000000000e+03 6.000000000000000000e+01 -2.000000000000000111e-01 2.999999999999999889e-01 1.580000000000000071e+00 1.100000000000000006e-01 2.300000000000000100e-01 3.861000000000000210e+00 1.299999999999999940e-02 1.700000000000000122e-02 2.799999999999999822e+00 1.300000000000000044e+00 5.000000000000000000e-01 0.000000000000000000e+00 4.439999999999999858e+01 9.000000000000000222e-01
1.108172900000000000e+07 2.715121243750000080e+00 3.030310294999929988e-02 6.605000000000000000e+03 5.100000000000000000e+01 -2.000000000000000111e-01 2.999999999999999889e-01 1.360000000000000098e+00 1.000000000000000056e-01 1.100000000000000006e-01 4.256999999999999673e+00 1.200000000000000025e-02 1.299999999999999940e-02 1.199999999999999956e+00 8.000000000000000444e-01 5.999999999999999778e-01 0.000000000000000000e+00 8.990000000000000568e+01 1.399999999999999911e+00
1.113310000000000000e+07 8.743047993750000302e+00 3.560614596625000239e-01 6.222000000000000000e+03 5.100000000000000000e+01 -2.000000000000000111e-01 2.999999999999999889e-01 1.399999999999999911e+00 2.500000000000000000e-01 1.700000000000000122e-01 3.849000000000000199e+00 2.500000000000000139e-02 2.699999999999999969e-02 3.799999999999999822e+00 1.000000000000000000e+00 1.399999999999999911e+00 0.000000000000000000e+00 4.310000000000000142e+01 2.100000000000000089e+00
1.122905200000000000e+07 8.101942225000000164e+00 5.443323589038683297e-01 6.495000000000000000e+03 5.100000000000000000e+01 -2.000000000000000111e-01 2.999999999999999889e-01 1.270000000000000018e+00 1.199999999999999956e-01 1.499999999999999944e-01 4.198000000000000398e+00 1.499999999999999944e-02 1.700000000000000122e-02 2.799999999999999822e+00 1.500000000000000000e+00 1.000000000000000000e+00 0.000000000000000000e+00 8.400000000000000000e+01 1.199999999999999956e+00
1.191919200000000000e+07 3.698490650000000102e+00 1.527781440400000079e-01 6.788000000000000000e+03 8.100000000000000000e+01 -2.000000000000000111e-01 2.999999999999999889e-01 1.600000000000000089e+00 1.499999999999999944e-01 1.900000000000000022e-01 3.919000000000000039e+00 1.899999999999999953e-02 2.000000000000000042e-02 2.299999999999999822e+00 1.000000000000000000e+00 5.999999999999999778e-01 0.000000000000000000e+00 4.679999999999999716e+01 1.699999999999999956e+00
1.196218000000000000e+07 1.278635648750000087e+01 2.785578846299999745e-01 6.329000000000000000e+03 8.000000000000000000e+01 -2.000000000000000111e-01 2.999999999999999889e-01 1.350000000000000089e+00 1.400000000000000133e-01 1.499999999999999944e-01 3.979000000000000092e+00 1.600000000000000033e-02 1.799999999999999864e-02 3.799999999999999822e+00 1.100000000000000089e+00 8.000000000000000444e-01 0.000000000000000000e+00 5.610000000000000142e+01 2.600000000000000089e+00
1.197174600000000000e+07 5.236122812499999668e+00 8.747752322755000809e-02 5.952000000000000000e+03 7.500000000000000000e+01 -2.000000000000000111e-01 2.999999999999999889e-01 1.110000000000000098e+00 1.000000000000000056e-01 1.700000000000000122e-01 4.214999999999999858e+00 1.799999999999999864e-02 2.100000000000000130e-02 6.000000000000000000e+00 4.000000000000000000e+00 1.699999999999999956e+00 0.000000000000000000e+00 9.079999999999999716e+01 2.100000000000000089e+00
1.200950400000000000e+07 9.450563124999998621e+00 2.047124655695000128e-01 6.270000000000000000e+03 6.100000000000000000e+01 -2.000000000000000111e-01 2.999999999999999889e-01 1.250000000000000000e+00 8.999999999999999667e-02 1.000000000000000056e-01 4.224000000000000199e+00 1.000000000000000021e-02 1.000000000000000021e-02 2.899999999999999911e+00 9.000000000000000222e-01 6.999999999999999556e-01 0.000000000000000000e+00 8.850000000000000000e+01 1.199999999999999956e+00
1.225851400000000000e+07 1.425502508125000034e+01 5.808094732083359801e-01 5.990000000000000000e+03 8.500000000000000000e+01 -2.000000000000000111e-01 2.999999999999999889e-01 1.189999999999999947e+00 8.000000000000000167e-02 1.400000000000000133e-01 4.110999999999999766e+00 1.000000000000000021e-02 1.600000000000000033e-02 5.200000000000000178e+00 2.200000000000000178e+00 9.000000000000000222e-01 0.000000000000000000e+00 7.479999999999999716e+01 8.000000000000000444e-01
1.235218000000000000e+07 9.869452949999999447e+00 1.583209262304999809e-01 0.000000000000000000e+00 0.000000000000000000e+00 0.000000000000000000e+00 0.000000000000000000e+00 0.000000000000000000e+00 0.000000000000000000e+00 0.000000000000000000e+00 0.000000000000000000e+00 0.000000000000000000e+00 0.000000000000000000e+00 0.000000000000000000e+00 0.000000000000000000e+00 0.000000000000000000e+00 0.000000000000000000e+00 0.000000000000000000e+00 0.000000000000000000e+00
8.379927000000000000e+06 1.718469964999999888e+01 1.118036669068689787e-01 6.034000000000000000e+03 7.400000000000000000e+01 -2.000000000000000111e-01 2.999999999999999889e-01 1.199999999999999956e+00 5.999999999999999778e-02 7.000000000000000666e-02 4.395999999999999908e+00 8.000000000000000167e-03 8.999999999999999320e-03 1.199999999999999956e+00 1.199999999999999956e+00 1.000000000000000000e+00 0.000000000000000000e+00 1.205000000000000000e+02 1.000000000000000000e+00
6.508366000000000000e+06 3.892610325000000149e+00 1.969701691749999872e-01 6.499000000000000000e+03 4.600000000000000000e+01 -2.000000000000000111e-01 2.999999999999999889e-01 1.419999999999999929e+00 1.400000000000000133e-01 1.300000000000000044e-01 3.935000000000000053e+00 1.200000000000000025e-02 1.299999999999999940e-02 3.299999999999999822e+00 1.000000000000000000e+00 8.000000000000000444e-01 0.000000000000000000e+00 5.160000000000000142e+01 8.000000000000000444e-01
1.200950400000000000e+07 9.322852812500000752e+00 1.868691348579999967e-01 6.270000000000000000e+03 6.100000000000000000e+01 -2.000000000000000111e-01 2.999999999999999889e-01 1.250000000000000000e+00 8.999999999999999667e-02 1.000000000000000056e-01 4.224000000000000199e+00 1.000000000000000021e-02 1.000000000000000021e-02 2.899999999999999911e+00 9.000000000000000222e-01 6.999999999999999556e-01 0.000000000000000000e+00 8.850000000000000000e+01 1.199999999999999956e+00
1.045411300000000000e+07 1.432398865000000043e+01 1.262629289583312164e-01 6.197000000000000000e+03 4.500000000000000000e+01 -2.000000000000000111e-01 2.999999999999999889e-01 1.189999999999999947e+00 1.000000000000000056e-01 1.000000000000000056e-01 4.309000000000000163e+00 1.000000000000000021e-02 1.099999999999999936e-02 2.700000000000000178e+00 1.500000000000000000e+00 1.199999999999999956e+00 0.000000000000000000e+00 1.037999999999999972e+02 1.300000000000000044e+00
9.098294000000000000e+06 4.014190542499999736e+01 1.262629289583329928e-01 6.020000000000000000e+03 5.100000000000000000e+01 -2.000000000000000111e-01 2.999999999999999889e-01 1.000000000000000000e+00 1.000000000000000056e-01 1.000000000000000056e-01 4.306000000000000050e+00 1.299999999999999940e-02 1.299999999999999940e-02 6.700000000000000178e+00 2.799999999999999822e+00 2.200000000000000178e+00 0.000000000000000000e+00 1.087999999999999972e+02 1.699999999999999956e+00
9.139151000000000000e+06 1.155522907499999974e+01 2.186938080682930274e-01 6.134000000000000000e+03 4.800000000000000000e+01 -2.000000000000000111e-01 2.999999999999999889e-01 1.110000000000000098e+00 1.100000000000000006e-01 1.400000000000000133e-01 4.368999999999999773e+00 1.600000000000000033e-02 1.700000000000000122e-02 2.799999999999999822e+00 2.799999999999999822e+00 2.000000000000000000e+00 0.000000000000000000e+00 1.172000000000000028e+02 2.100000000000000089e+00
9.410862000000000000e+06 2.311556656249999975e+01 4.595970614083375039e-01 6.230000000000000000e+03 5.300000000000000000e+01 -2.000000000000000111e-01 2.999999999999999889e-01 1.120000000000000107e+00 1.000000000000000056e-01 1.100000000000000006e-01 4.315999999999999837e+00 1.200000000000000025e-02 1.299999999999999940e-02 3.399999999999999911e+00 1.899999999999999911e+00 1.500000000000000000e+00 0.000000000000000000e+00 1.070000000000000000e+02 1.899999999999999911e+00
7.871531000000000000e+06 3.549325005000000033e+01 1.984853243219999896e+00 5.378000000000000000e+03 5.700000000000000000e+01 -2.000000000000000111e-01 2.999999999999999889e-01 8.199999999999999512e-01 1.000000000000000056e-01 5.000000000000000278e-02 4.480999999999999872e+00 2.000000000000000042e-02 1.799999999999999864e-02 1.180000000000000071e+01 4.000000000000000000e+00 6.200000000000000178e+00 0.000000000000000000e+00 5.378000000000000000e+03 5.700000000000000000e+01
3.735871000000000000e+06 1.121807384999999968e+01 1.691923248041677097e-01 6.176000000000000000e+03 5.000000000000000000e+01 -2.000000000000000111e-01 2.999999999999999889e-01 1.070000000000000062e+00 1.199999999999999956e-01 1.300000000000000044e-01 4.387999999999999901e+00 2.100000000000000130e-02 2.199999999999999872e-02 3.000000000000000000e+00 3.000000000000000000e+00 2.299999999999999822e+00 0.000000000000000000e+00 6.176000000000000000e+03 5.000000000000000000e+01
9.025370000000000000e+06 2.459189777499999963e+01 2.250005394039999995e+00 5.659000000000000000e+03 7.300000000000000000e+01 -2.000000000000000111e-01 2.999999999999999889e-01 8.299999999999999600e-01 1.199999999999999956e-01 5.999999999999999778e-02 4.394999999999999574e+00 1.600000000000000033e-02 1.299999999999999940e-02 1.309999999999999964e+01 3.399999999999999911e+00 5.400000000000000355e+00 0.000000000000000000e+00 1.328000000000000114e+02 1.899999999999999911e+00
1.141471200000000000e+07 3.641276429999999920e+01 1.084721288019999896e+00 5.673000000000000000e+03 6.100000000000000000e+01 -2.000000000000000111e-01 2.999999999999999889e-01 1.189999999999999947e+00 1.199999999999999956e-01 1.400000000000000133e-01 3.794000000000000039e+00 1.099999999999999936e-02 1.099999999999999936e-02 5.299999999999999822e+00 1.300000000000000044e+00 6.999999999999999556e-01 0.000000000000000000e+00 4.350000000000000000e+01 6.999999999999999556e-01
5.955122000000000000e+06 1.825746627499999875e+01 6.050376676537167597e+00 5.930000000000000000e+03 5.500000000000000000e+01 -2.000000000000000111e-01 2.999999999999999889e-01 1.280000000000000027e+00 1.100000000000000006e-01 1.499999999999999944e-01 3.879999999999999893e+00 1.099999999999999936e-02 1.200000000000000025e-02 5.000000000000000000e+00 8.000000000000000444e-01 5.999999999999999778e-01 0.000000000000000000e+00 4.920000000000000284e+01 9.000000000000000222e-01
7.940546000000000000e+06 1.145306082499999967e+01 3.434351667669999775e-01 6.350000000000000000e+03 1.110000000000000000e+02 -2.000000000000000111e-01 2.999999999999999889e-01 1.330000000000000071e+00 8.000000000000000167e-02 1.000000000000000056e-01 3.991999999999999993e+00 1.099999999999999936e-02 1.099999999999999936e-02 3.799999999999999822e+00 1.000000000000000000e+00 5.999999999999999778e-01 0.000000000000000000e+00 5.850000000000000000e+01 5.000000000000000000e-01
1.102676400000000000e+07 3.402202725000000072e+01 1.640203560510000047e+00 5.722000000000000000e+03 5.700000000000000000e+01 -2.000000000000000111e-01 2.999999999999999889e-01 1.219999999999999973e+00 1.000000000000000056e-01 1.000000000000000056e-01 3.883999999999999897e+00 1.099999999999999936e-02 1.099999999999999936e-02 5.700000000000000178e+00 6.999999999999999556e-01 5.999999999999999778e-01 0.000000000000000000e+00 5.050000000000000000e+01 5.999999999999999778e-01
1.006830700000000000e+07 1.960097876249999871e+01 4.295061126390000150e-01 6.332000000000000000e+03 4.500000000000000000e+01 -2.000000000000000111e-01 2.999999999999999889e-01 1.330000000000000071e+00 1.000000000000000056e-01 1.000000000000000056e-01 3.943999999999999950e+00 1.200000000000000025e-02 1.099999999999999936e-02 4.000000000000000000e+00 8.000000000000000444e-01 6.999999999999999556e-01 0.000000000000000000e+00 5.389999999999999858e+01 5.000000000000000000e-01
1.435467000000000000e+06 6.906573700000000038e+00 2.171722378079999904e-01 6.433000000000000000e+03 8.600000000000000000e+01 -2.000000000000000111e-01 2.999999999999999889e-01 1.159999999999999920e+00 2.000000000000000111e-01 5.999999999999999778e-02 4.088000000000000078e+00 1.899999999999999953e-02 1.400000000000000029e-02 4.700000000000000178e+00 6.999999999999999556e-01 1.699999999999999956e+00 0.000000000000000000e+00 7.079999999999999716e+01 8.000000000000000444e-01
1.108172900000000000e+07 2.738109099999999962e+00 4.285505917389999947e-02 6.605000000000000000e+03 5.100000000000000000e+01 -2.000000000000000111e-01 2.999999999999999889e-01 1.360000000000000098e+00 1.000000000000000056e-01 1.100000000000000006e-01 4.256999999999999673e+00 1.200000000000000025e-02 1.299999999999999940e-02 1.199999999999999956e+00 8.000000000000000444e-01 5.999999999999999778e-01 0.000000000000000000e+00 8.990000000000000568e+01 1.399999999999999911e+00
7.103006000000000000e+06 4.653763787499999971e+00 2.536848173592194944e-01 6.421000000000000000e+03 5.100000000000000000e+01 -2.000000000000000111e-01 2.999999999999999889e-01 1.379999999999999893e+00 1.300000000000000044e-01 1.600000000000000033e-01 4.011000000000000121e+00 1.400000000000000029e-02 1.600000000000000033e-02 3.399999999999999911e+00 1.199999999999999956e+00 6.999999999999999556e-01 0.000000000000000000e+00 5.950000000000000000e+01 1.100000000000000089e+00
2.837475000000000000e+06 3.688273825000000006e+00 5.571157692604155054e-01 6.688000000000000000e+03 5.700000000000000000e+01 -2.000000000000000111e-01 2.999999999999999889e-01 1.419999999999999929e+00 1.400000000000000133e-01 1.000000000000000056e-01 4.168000000000000149e+00 1.200000000000000025e-02 1.200000000000000025e-02 1.899999999999999911e+00 4.000000000000000222e-01 6.999999999999999556e-01 0.000000000000000000e+00 7.509999999999999432e+01 1.300000000000000044e+00
7.206837000000000000e+06 4.066296350000000004e+00 4.545465442499976860e-02 6.392000000000000000e+03 5.900000000000000000e+01 -2.000000000000000111e-01 2.999999999999999889e-01 1.300000000000000044e+00 1.100000000000000006e-01 1.300000000000000044e-01 4.165000000000000036e+00 1.299999999999999940e-02 1.499999999999999944e-02 3.000000000000000000e+00 1.000000000000000000e+00 8.000000000000000444e-01 0.000000000000000000e+00 7.890000000000000568e+01 1.399999999999999911e+00
3.424541000000000000e+06 6.768646562499999852e+00 3.409099081874971682e-01 6.475000000000000000e+03 6.600000000000000000e+01 -2.000000000000000111e-01 2.999999999999999889e-01 1.540000000000000036e+00 1.600000000000000033e-01 2.000000000000000111e-01 3.818999999999999950e+00 1.899999999999999953e-02 2.000000000000000042e-02 2.899999999999999911e+00 1.100000000000000089e+00 8.000000000000000444e-01 0.000000000000000000e+00 4.150000000000000000e+01 1.100000000000000089e+00
8.018599000000000000e+06 1.559087494999999990e+01 1.259884597070000112e-01 6.013000000000000000e+03 6.200000000000000000e+01 -2.000000000000000111e-01 2.999999999999999889e-01 1.530000000000000027e+00 1.499999999999999944e-01 1.600000000000000033e-01 3.579000000000000181e+00 1.799999999999999864e-02 1.799999999999999864e-02 2.899999999999999911e+00 8.000000000000000444e-01 5.999999999999999778e-01 0.000000000000000000e+00 6.013000000000000000e+03 6.200000000000000000e+01
9.812850000000000000e+06 5.006244249999999951e+00 1.212124118000000028e-01 6.407000000000000000e+03 4.700000000000000000e+01 -2.000000000000000111e-01 2.999999999999999889e-01 1.310000000000000053e+00 1.100000000000000006e-01 1.600000000000000033e-01 4.048000000000000043e+00 1.499999999999999944e-02 1.700000000000000122e-02 3.700000000000000178e+00 1.300000000000000044e+00 6.999999999999999556e-01 0.000000000000000000e+00 6.490000000000000568e+01 1.100000000000000089e+00
8.179536000000000000e+06 5.440459312499999811e+00 1.619459175196447775e+00 6.418000000000000000e+03 5.000000000000000000e+01 -2.000000000000000111e-01 2.999999999999999889e-01 1.280000000000000027e+00 1.100000000000000006e-01 1.300000000000000044e-01 4.272999999999999687e+00 1.400000000000000029e-02 1.499999999999999944e-02 1.800000000000000044e+00 1.199999999999999956e+00 9.000000000000000222e-01 0.000000000000000000e+00 9.500000000000000000e+01 2.000000000000000000e+00
9.226926000000000000e+06 2.206834199999999857e+00 4.373876161365873594e-02 7.149000000000000000e+03 1.320000000000000000e+02 -2.000000000000000111e-01 2.999999999999999889e-01 1.459999999999999964e+00 1.499999999999999944e-01 1.000000000000000056e-01 4.168999999999999595e+00 1.600000000000000033e-02 1.600000000000000033e-02 1.800000000000000044e+00 5.000000000000000000e-01 8.000000000000000444e-01 0.000000000000000000e+00 7.320000000000000284e+01 1.399999999999999911e+00
1.014763500000000000e+07 2.071972110000000100e+01 5.081984859403101407e-01 6.155000000000000000e+03 6.600000000000000000e+01 -2.000000000000000111e-01 2.999999999999999889e-01 1.500000000000000000e+00 2.600000000000000089e-01 1.499999999999999944e-01 3.748000000000000220e+00 2.000000000000000042e-02 1.299999999999999940e-02 3.299999999999999822e+00 6.999999999999999556e-01 1.300000000000000044e+00 0.000000000000000000e+00 3.739999999999999858e+01 5.000000000000000000e-01
4.931390000000000000e+06 1.520263560000000069e+01 1.829514549385117539e-01 6.557000000000000000e+03 5.100000000000000000e+01 -2.000000000000000111e-01 2.999999999999999889e-01 1.370000000000000107e+00 1.000000000000000056e-01 1.000000000000000056e-01 4.274000000000000021e+00 1.200000000000000025e-02 1.200000000000000025e-02 1.000000000000000000e+00 8.000000000000000444e-01 5.999999999999999778e-01 0.000000000000000000e+00 9.259999999999999432e+01 1.300000000000000044e+00
2.852862000000000000e+06 2.056646872500000001e+01 2.574872328764222229e-01 6.417000000000000000e+03 5.800000000000000000e+01 -2.000000000000000111e-01 2.999999999999999889e-01 1.489999999999999991e+00 1.300000000000000044e-01 1.499999999999999944e-01 3.964999999999999858e+00 1.200000000000000025e-02 1.299999999999999940e-02 3.000000000000000000e+00 6.999999999999999556e-01 6.999999999999999556e-01 0.000000000000000000e+00 5.379999999999999716e+01 6.999999999999999556e-01
7.771282000000000000e+06 1.185151699999999941e+01 3.280407121024386807e-01 6.407000000000000000e+03 7.400000000000000000e+01 -2.000000000000000111e-01 2.999999999999999889e-01 1.320000000000000062e+00 1.000000000000000056e-01 1.799999999999999933e-01 4.118999999999999773e+00 1.600000000000000033e-02 1.899999999999999953e-02 3.200000000000000178e+00 1.399999999999999911e+00 6.999999999999999556e-01 0.000000000000000000e+00 7.259999999999999432e+01 1.699999999999999956e+00
1.059335100000000000e+07 1.855375420000000020e+01 6.708220014410000154e-01 0.000000000000000000e+00 0.000000000000000000e+00 0.000000000000000000e+00 0.000000000000000000e+00 1.479999999999999982e+00 1.199999999999999956e-01 1.300000000000000044e-01 3.650999999999999801e+00 1.200000000000000025e-02 1.299999999999999940e-02 3.299999999999999822e+00 6.999999999999999556e-01 5.999999999999999778e-01 0.000000000000000000e+00 3.189999999999999858e+01 8.000000000000000444e-01
8.367710000000000000e+06 7.611534624999999998e+00 5.606074045750024659e-01 6.352000000000000000e+03 6.600000000000000000e+01 -2.000000000000000111e-01 2.999999999999999889e-01 1.399999999999999911e+00 1.499999999999999944e-01 1.199999999999999956e-01 3.983000000000000096e+00 1.400000000000000029e-02 1.499999999999999944e-02 3.399999999999999911e+00 8.000000000000000444e-01 8.000000000000000444e-01 0.000000000000000000e+00 5.610000000000000142e+01 1.100000000000000089e+00
5.450445000000000000e+06 1.356794359999999955e+01 2.651521508124999871e-01 6.212000000000000000e+03 4.900000000000000000e+01 -2.000000000000000111e-01 2.999999999999999889e-01 1.409999999999999920e+00 1.100000000000000006e-01 8.999999999999999667e-02 3.988999999999999879e+00 1.000000000000000021e-02 1.000000000000000021e-02 3.600000000000000089e+00 5.999999999999999778e-01 6.999999999999999556e-01 0.000000000000000000e+00 5.729999999999999716e+01 6.999999999999999556e-01
5.371516000000000000e+06 5.496651850000000117e+00 1.414144804330000060e-01 6.350000000000000000e+03 8.100000000000000000e+01 -2.000000000000000111e-01 2.999999999999999889e-01 1.360000000000000098e+00 1.400000000000000133e-01 1.300000000000000044e-01 3.966000000000000192e+00 1.499999999999999944e-02 1.400000000000000029e-02 3.700000000000000178e+00 1.000000000000000000e+00 8.000000000000000444e-01 0.000000000000000000e+00 5.560000000000000142e+01 5.999999999999999778e-01
9.512063000000000000e+06 2.296742259999999902e+01 9.242446399749927322e-01 5.977000000000000000e+03 5.800000000000000000e+01 -2.000000000000000111e-01 2.999999999999999889e-01 1.209999999999999964e+00 1.300000000000000044e-01 1.700000000000000122e-01 3.880999999999999783e+00 1.700000000000000122e-02 1.700000000000000122e-02 5.099999999999999645e+00 1.399999999999999911e+00 6.999999999999999556e-01 0.000000000000000000e+00 4.989999999999999858e+01 1.899999999999999911e+00
1.001623900000000000e+07 4.858100287500000114e+00 6.060620589999991120e-02 6.482000000000000000e+03 5.100000000000000000e+01 -2.000000000000000111e-01 2.999999999999999889e-01 1.270000000000000018e+00 8.999999999999999667e-02 1.100000000000000006e-01 4.320000000000000284e+00 1.099999999999999936e-02 1.200000000000000025e-02 1.100000000000000089e+00 1.100000000000000089e+00 9.000000000000000222e-01 0.000000000000000000e+00 1.027000000000000028e+02 2.000000000000000000e+00
7.680114000000000000e+06 2.761607797499999961e+01 9.040425713416654352e-01 5.800000000000000000e+03 5.600000000000000000e+01 -2.000000000000000111e-01 2.999999999999999889e-01 1.060000000000000053e+00 1.100000000000000006e-01 1.199999999999999956e-01 4.171000000000000263e+00 1.200000000000000025e-02 1.400000000000000029e-02 8.099999999999999645e+00 3.000000000000000000e+00 2.399999999999999911e+00 0.000000000000000000e+00 8.509999999999999432e+01 1.300000000000000044e+00
6.313425000000000000e+06 4.685946786249999718e+01 1.092804008929999959e+00 0.000000000000000000e+00 0.000000000000000000e+00 0.000000000000000000e+00 0.000000000000000000e+00 0.000000000000000000e+00 0.000000000000000000e+00 0.000000000000000000e+00 0.000000000000000000e+00 0.000000000000000000e+00 0.000000000000000000e+00 0.000000000000000000e+00 0.000000000000000000e+00 0.000000000000000000e+00 0.000000000000000000e+00 0.000000000000000000e+00 0.000000000000000000e+00
5.950854000000000000e+06 4.187876567499999680e+01 4.469707685130000385e+00 5.913000000000000000e+03 6.100000000000000000e+01 -2.000000000000000111e-01 2.999999999999999889e-01 9.899999999999999911e-01 1.100000000000000006e-01 1.000000000000000056e-01 4.240000000000000213e+00 1.299999999999999940e-02 1.299999999999999940e-02 8.400000000000000355e+00 3.100000000000000089e+00 2.700000000000000178e+00 0.000000000000000000e+00 9.740000000000000568e+01 1.699999999999999956e+00
8.579578000000000000e+06 3.294926062500000086e+00 3.375950183251277714e+00 6.308000000000000000e+03 4.500000000000000000e+01 -2.000000000000000111e-01 2.999999999999999889e-01 1.370000000000000107e+00 1.600000000000000033e-01 1.600000000000000033e-01 3.908999999999999808e+00 1.700000000000000122e-02 2.199999999999999872e-02 3.799999999999999822e+00 1.100000000000000089e+00 9.000000000000000222e-01 0.000000000000000000e+00 5.010000000000000142e+01 9.000000000000000222e-01
1.046294000000000000e+07 9.184925675000000567e+00 2.103102295764975871e-01 6.265000000000000000e+03 4.800000000000000000e+01 -2.000000000000000111e-01 2.999999999999999889e-01 1.199999999999999956e+00 1.199999999999999956e-01 1.300000000000000044e-01 4.318999999999999950e+00 1.899999999999999953e-02 2.000000000000000042e-02 2.200000000000000178e+00 1.699999999999999956e+00 1.399999999999999911e+00 0.000000000000000000e+00 1.035000000000000000e+02 2.799999999999999822e+00
1.140170800000000000e+07 1.623964333749999867e+01 3.428404733910246360e-01 5.859000000000000000e+03 6.300000000000000000e+01 -2.000000000000000111e-01 2.999999999999999889e-01 1.399999999999999911e+00 1.000000000000000056e-01 1.000000000000000056e-01 3.773000000000000131e+00 8.999999999999999320e-03 1.000000000000000021e-02 4.099999999999999645e+00 5.000000000000000000e-01 5.000000000000000000e-01 0.000000000000000000e+00 4.000000000000000000e+01 5.999999999999999778e-01
7.216846000000000000e+06 6.268022137500000213e+01 1.893943934369999971e+00 5.124000000000000000e+03 8.400000000000000000e+01 -2.000000000000000111e-01 2.999999999999999889e-01 1.370000000000000107e+00 2.099999999999999922e-01 1.499999999999999944e-01 3.588000000000000078e+00 1.499999999999999944e-02 1.700000000000000122e-02 4.200000000000000178e+00 1.199999999999999956e+00 1.300000000000000044e+00 0.000000000000000000e+00 2.880000000000000071e+01 5.999999999999999778e-01
9.289275000000000000e+06 1.117720654999999930e+01 4.201107483773199869e-01 6.227000000000000000e+03 4.800000000000000000e+01 -2.000000000000000111e-01 2.999999999999999889e-01 1.350000000000000089e+00 8.000000000000000167e-02 1.199999999999999956e-01 4.065000000000000391e+00 1.099999999999999936e-02 1.200000000000000025e-02 3.700000000000000178e+00 9.000000000000000222e-01 5.999999999999999778e-01 0.000000000000000000e+00 6.640000000000000568e+01 9.000000000000000222e-01
4.346201000000000000e+06 2.230332897499999945e+01 8.308100725458333891e-01 6.147000000000000000e+03 5.100000000000000000e+01 -2.000000000000000111e-01 2.999999999999999889e-01 1.379999999999999893e+00 1.300000000000000044e-01 8.999999999999999667e-02 3.970000000000000195e+00 1.400000000000000029e-02 1.499999999999999944e-02 3.799999999999999822e+00 5.999999999999999778e-01 8.000000000000000444e-01 0.000000000000000000e+00 5.560000000000000142e+01 1.000000000000000000e+00
9.414417000000000000e+06 1.082983450000000047e+01 1.818186176999990744e-01 6.278000000000000000e+03 5.200000000000000000e+01 -2.000000000000000111e-01 2.999999999999999889e-01 1.239999999999999991e+00 1.400000000000000133e-01 1.100000000000000006e-01 3.995000000000000107e+00 1.600000000000000033e-02 1.400000000000000029e-02 4.700000000000000178e+00 5.999999999999999778e-01 1.199999999999999956e+00 0.000000000000000000e+00 6.029999999999999716e+01 8.000000000000000444e-01
1.051443000000000000e+07 5.504314468750000344e+01 2.164180488279999981e+00 0.000000000000000000e+00 0.000000000000000000e+00 0.000000000000000000e+00 0.000000000000000000e+00 0.000000000000000000e+00 0.000000000000000000e+00 0.000000000000000000e+00 0.000000000000000000e+00 0.000000000000000000e+00 0.000000000000000000e+00 0.000000000000000000e+00 0.000000000000000000e+00 0.000000000000000000e+00 0.000000000000000000e+00 0.000000000000000000e+00 0.000000000000000000e+00
