Name, period, p_err, B, V, binary flag
HAT214-0001101	3.24215918	0.00016423	11.45	10.77
HAT259-0005281	8.36686239	0.00002128	15.27	13.95
HAT259-0001868	7.06462700	0.00593000	12.93	11.98
HAT259-0000955	4.33319604	0.00039923	11.58	10.88
HAT259-0000829	4.21255021	0.00089329	11.43	10.57
HAT259-0000962	4.25201204	0.00082034	11.65	10.96
HAT259-0002206	7.41064955	0.00003548	13.26	12.29
HAT259-0002463	7.26243656	0.00088010	13.49	12.45
HAT259-0006871	7.23350255	0.00140598	15.78	14.27
HAT259-0000543	2.29533393	0.00014966	10.67	10.10
HAT259-0000690	2.98619924	0.00037265	11.19	10.54
HAT259-0000652	2.64666055	0.00032804	11.02	10.40
HAT259-0001380	5.67377856	0.00001805	12.42	11.56
HAT259-0006070	2.70582584	0.00009682	15.60	14.23
HAT214-0000422	0.76640318	0.00001972	10.11	9.62
HAT259-0001198	6.53096813	0.00506976	12.02	11.22
HAT259-0001892	3.60215598	0.00362395	13.06	12.12
HAT259-0001940	7.82590146	0.00136092	13.20	12.20
HAT259-0001548	6.72447829	0.00093561	12.66	11.77
HAT259-0014104	0.42391061	0.00001175	18.72	17.17
HAT259-0000979	4.46095612	0.00040721	11.62	10.89
HAT259-0001132	4.12638441	0.00723220	11.85	11.14
HAT259-0000906	4.34356253	0.00066043	11.54	10.84
HAT259-0001144	5.45227970	0.00043935	11.98	11.20
HAT259-0000535	1.63715883	0.00002925	10.69	10.10
HAT259-0004354	0.38263628	0.00000107	15.70	14.24
HAT259-0003441	6.62631073	0.00233853	14.82	13.46
HAT259-0001419	6.09264812	0.00185675	12.72	11.74
HAT259-0008952	0.47754054	0.00001215	17.45	15.95
HAT259-0006855	2.98619924	0.00021711	15.89	14.48
HAT259-0000417	2.29823942	0.00034403	10.40	9.85
HAT259-0000618	1.58568484	0.00003950	11.03	10.39
HAT259-0006356	4.22234683	0.00036320	15.86	14.45
HAT259-0002985	8.40559787	0.00232197	13.73	12.66
HAT259-0007880	0.32508669	0.00000058	16.66	15.16
HAT259-0001874	7.06462700	0.00001680	12.99	12.05
HAT259-0001804	6.65058293	0.00144192	12.88	11.96
HAT259-0007420	0.31030749	0.00000073	16.72	15.16
HAT259-0010940	2.02861356	0.00011451	17.97	16.37
HAT259-0001214	2.91898575	0.00030566	12.56	11.58
HAT259-0000643	2.77192235	0.00013030	11.23	10.52
HAT259-0002484	6.74947635	0.00095708	13.73	12.65
HAT259-0001226	0.66873265	0.00000641	12.25	11.44
HAT259-0000558	2.48034035	0.00069136	11.08	10.41
HAT259-0000923	3.99034976	0.00071951	11.54	10.84
HAT259-0001304	5.34002688	0.00102846	12.35	11.47
HAT259-0007159	3.05144393	0.00016216	15.93	14.52
HAT259-0004456	0.36131525	0.00000106	15.84	14.37	VB,S87
HAT259-0006385	1.35695750	0.00002277	15.61	14.26
HAT259-0000897	3.88781400	0.00042144	11.42	10.73
HAT259-0007615	0.96935886	0.00001470	17.00	15.43
HAT259-0000642	5.08573989	0.00055387	11.32	10.52
HAT259-0001492	0.47429706	0.00000167	12.47	11.62
HAT259-0000846	5.70946270	0.00001755	11.73	10.89	SB2,S93
HAT259-0005812	9.86744097	0.00605874	15.36	13.99
HAT259-0001898	6.32616425	0.00135266	13.20	12.24
HAT259-0001259	5.38756421	0.00126888	12.09	11.30
HAT259-0006183	3.01596202	0.00010375	15.89	14.50
HAT259-0011937	0.35227185	0.00000773	17.79	16.15
HAT259-0006122	4.52770359	0.00036492	15.67	14.30
HAT259-0010336	4.11702753	0.00050448	17.13	15.62
HAT259-0000875	1.47610499	0.00007046	11.39	10.71
HAT259-0000918	4.23218914	0.00105110	11.37	10.70
HAT259-0001450	4.76537832	0.00001496	12.51	11.63
HAT259-0002493	6.92980587	0.00000001	13.58	12.55
HAT259-0009110	0.57365218	0.00000274	16.85	15.43
HAT259-0001451	2.60863382	0.00009276	12.29	11.45
HAT259-0000968	3.92988991	0.00221297	11.49	10.79
HAT259-0000439	3.17970077	0.00054031	11.36	10.48	VB,S87
HAT214-0001242	4.76537832	0.00046690	11.81	11.07
HAT259-0000802	1.47850907	0.00000502	11.26	10.60
HAT259-0001031	4.51644064	0.00079767	11.92	11.02
HAT259-0003417	0.41188955	0.00000066	14.08	13.01
HAT259-0004328	0.35684142	0.00000070	15.02	13.74
HAT259-0009079	3.26548406	0.00014196	16.97	15.42
HAT259-0014236	1.07943468	0.00004200	18.17	16.66
HAT259-0001371	0.84290118	0.00000351	12.44	11.60
HAT259-0006395	1.57604960	0.00007928	16.88	15.39
HAT259-0004239	0.39824723	0.00000143	15.44	14.02
HAT259-0003585	3.79041574	0.00028610	14.53	13.32
HAT259-0005537	0.94073012	0.00021013	15.98	14.60
HAT259-0003921	9.03288129	0.00000001	14.54	13.33
HAT259-0000405	1.92127951	0.00015150	10.39	9.84
HAT259-0001503	6.62631073	0.00068541	12.62	11.72
HAT259-0002239	6.77466097	0.00130012	13.09	12.15
HAT259-0001291	5.51856881	0.00089213	12.20	11.39
HAT259-0004244	5.55232153	0.00051751	14.64	13.43
HAT259-0002610	8.64575780	0.00004692	13.49	12.45
HAT259-0000827	2.42728495	0.00002830	11.58	10.78
HAT259-0000655	2.85024983	0.00046418	11.04	10.42
HAT259-0005228	5.83797151	0.00002719	15.16	13.85
HAT260-0001027	3.79041574	0.00001478	11.43	10.73
HAT214-0001648	5.26263519	0.00097372	12.31	11.49
HAT260-0000615	2.93313270	0.00012499	10.52	9.95
HAT260-0007584	4.33319604	0.00045838	15.14	13.82
HAT260-0005200	0.52656878	0.00002398	14.44	13.33
HAT214-0002566	6.43833028	0.00079466	12.92	12.02
HAT260-0008790	0.52656878	0.00001111	15.77	13.60
HAT260-0001390	5.20231845	0.00008726	12.04	11.26
HAT260-0014085	0.85561222	0.00004845	17.75	16.18
HAT260-0011437	0.68825214	0.00002456	17.85	16.20
HAT260-0007277	5.74559854	0.00075632	15.73	14.37
HAT260-0002570	0.42690081	0.00000220	13.88	12.68
HAT260-0002861	7.50251710	0.00014750	13.42	12.40
HAT260-0010635	1.24784133	0.00007053	16.81	15.28
HAT260-0005341	7.09222320	0.00002905	14.94	13.64
HAT260-0005640	0.39763669	0.00000074	14.91	13.52
HAT260-0001925	0.82602782	0.00001551	13.47	12.32
HAT260-0009823	0.37935837	0.00000267	16.77	15.30
HAT260-0001412	5.23230299	0.00062080	12.07	11.30
HAT260-0005998	2.77192235	0.00013159	14.46	13.40
HAT260-0007986	3.83849712	0.00060108	15.63	14.23
HAT260-0000985	3.15758111	0.00020804	11.27	10.56
HAT260-0007299	0.90418782	0.00006495	15.74	14.27
HAT260-0005103	7.14806748	0.00002774	15.00	13.66
HAT260-0001997	3.92988991	0.00049588	13.86	12.61
HAT260-0008827	4.34356253	0.00001128	15.94	14.51
HAT260-0003303	0.57988155	0.00000249	14.00	12.78
HAT260-0003861	7.06462700	0.00086630	13.86	12.79
HAT260-0004857	7.03724472	0.00360801	14.13	13.05
HAT260-0009344	5.17267561	0.00001831	16.04	14.71
HAT260-0002279	6.82559827	0.00058619	13.10	12.08
HAT260-0002018	8.06937395	0.00002195	12.93	11.88
HAT260-0007928	1.99956954	0.00004816	16.72	15.20
HAT260-0000639	2.84578235	0.00039724	10.76	10.15
HAT260-0001893	5.91403628	0.00106469	12.58	11.71
HAT260-0007320	1.39127137	0.00002416	15.46	14.20
HAT260-0001743	5.93336320	0.00096295	12.39	11.55
HAT260-0006368	6.57829398	0.00002366	15.30	13.96
HAT260-0000875	3.08777064	0.00027981	11.06	10.41
HAT260-0000950	1.72095653	0.00002572	11.17	10.52
HAT260-0003661	5.21726764	0.00123439	14.23	13.02
HAT260-0001319	1.32333028	0.00001148	11.85	11.10
HAT260-0007450	9.40730124	0.00005961	15.73	14.34
HAT260-0006413	2.42404424	0.00023837	15.60	14.21
HAT260-0008669	6.80003423	0.00325241	16.03	14.61
HAT260-0009207	0.74258042	0.00000634	16.25	14.77
HAT260-0007836	5.45227970	0.00103323	15.42	14.02
HAT260-0002411	7.50251710	0.00005975	13.35	12.25
HAT260-0002227	0.86705307	0.00005244	12.75	11.83
HAT260-0000758	2.32175082	0.00016809	10.86	10.25	SB2,Q98
HAT260-0004985	7.96319798	0.00325339	14.48	13.29
HAT260-0002776	6.41558000	0.00009040	13.30	12.32
HAT260-0002199	0.52353205	0.00000236	13.18	12.18
HAT260-0006135	5.05740707	0.00041599	15.48	14.09
HAT260-0000924	2.99605468	0.00012494	11.12	10.48
HAT260-0016375	3.72051053	0.00020520	17.77	16.24
HAT260-0010752	8.21542597	0.00213453	16.63	15.10
HAT260-0002170	6.15460725	0.00077311	12.62	11.74
HAT260-0001846	5.97239848	0.00042761	12.28	11.45
HAT260-0008474	0.30214830	0.00000086	15.92	14.56
HAT260-0003381	2.45352586	0.00017299	17.03	15.35
HAT260-0002705	7.62860983	0.00233231	13.33	12.33
HAT260-0005609	0.38878140	0.00000082	14.71	13.52
HAT260-0004206	2.65052429	0.00011347	14.86	13.51
HAT260-0007971	1.20718693	0.00007421	16.69	15.22
HAT260-0003233	8.17841955	0.00532331	13.55	12.53
HAT260-0001834	4.14522634	0.00001685	12.48	11.63
HAT260-0003289	4.56183201	0.00009309	13.85	12.70	SB2,Q98
HAT260-0090401	2.09412819	0.00005377	15.42	14.02
HAT260-0000499	0.84368454	0.00000348	10.41	9.85
HAT260-0008800	4.94716387	0.00045453	15.93	14.54
HAT260-0015295	0.13566533	0.00000054	18.68	16.91
HAT260-0009365	0.60359346	0.00002396	17.21	15.74
HAT260-0003895	8.40559787	0.00003712	13.94	12.86
HAT260-0003041	7.59669096	0.00000090	13.46	12.43
HAT260-0005745	8.36686239	0.00000000	14.77	13.51
HAT260-0007625	0.58229927	0.00000304	15.55	14.22
HAT260-0005788	0.30656128	0.00000015	15.31	13.97
HAT260-0000957	3.25377982	0.00031529	11.17	10.51
HAT260-0002271	0.44554825	0.00000479	13.58	12.49
HAT260-0006705	0.78090716	0.00000544	15.26	13.98
HAT260-0005061	0.48300323	0.00000169	14.85	13.58
HAT260-0007822	0.34596211	0.00000119	16.82	15.25
HAT260-0001402	5.05740707	0.00005682	11.92	11.15
HAT260-0014866	1.41292540	0.00004849	17.72	16.13
HAT214-0001973	6.46124249	0.00075740	12.61	11.72
HAT260-0004833	0.73655440	0.00000215	14.71	13.51	SB2,S87
HAT260-0015235	1.56114285	0.00008232	17.85	16.16
HAT260-0007196	1.15276771	0.00024071	15.47	14.10
HAT260-0000887	3.84662953	0.00000217	11.02	10.40
HAT260-0007653	5.60373191	0.00066994	15.69	14.29
HAT260-0001202	4.49408203	0.00000000	11.66	10.94
HAT260-0007528	2.47021652	0.00008701	16.34	14.84
HAT260-0003133	0.23533495	0.00000021	13.69	12.66
HAT260-0000809	2.89109736	0.00610543	10.95	10.34
HAT260-0007706	4.15471199	0.00029015	16.01	14.57
HAT260-0005322	3.87950671	0.00063115	14.77	13.55
HAT260-0001044	5.07153391	0.00000907	11.78	10.93	SB2,S93
HAT260-0003475	0.55085229	0.00000244	13.61	12.65
HAT260-0001740	3.04122134	0.00039876	12.41	11.54
HAT260-0007081	12.02390158	0.00652641	15.26	13.91
HAT260-0011634	8.40559787	0.00003018	16.94	15.39
HAT260-0001951	3.05658104	0.00018848	12.56	11.71
HAT260-0008869	0.58549150	0.00003021	16.76	15.31
HAT260-0000967	0.77623306	0.00000823	11.69	10.87	SB2,Q98
HAT260-0004655	5.60373191	0.00002334	15.11	13.80
HAT260-0007200	1.41733735	0.00003004	15.60	14.23
HAT260-0000810	4.66737568	0.00060456	11.06	10.44
HAT260-0007565	5.32436698	0.01097570	15.85	14.48
HAT260-0006706	0.39842202	0.00000089	15.78	14.42
HAT260-0006697	6.67503360	0.00001094	15.32	13.97
HAT260-0003439	0.56071931	0.00000323	13.61	12.60
HAT260-0001556	5.81926006	0.00023115	12.13	11.35
HAT260-0001664	2.93313270	0.00043902	12.17	11.35
HAT260-0017322	1.59263960	0.00008469	18.10	16.58
HAT260-0001146	4.88066973	0.00329049	11.65	10.93
HAT260-0001783	6.21783952	0.00001308	12.31	11.49
HAT260-0001327	5.02938820	0.00062143	11.86	11.10
HAT260-0002523	7.29160297	0.00008029	13.14	12.19	SB2,Q98
HAT260-0001840	6.92980587	0.00002440	12.33	11.49
HAT260-0000778	2.12103871	0.00021850	10.87	10.27
HAT260-0003756	2.35182531	0.00006739	14.60	13.29
HAT260-0006711	6.43833028	0.00152222	15.37	14.03
HAT260-0004647	5.97239848	0.00143646	14.47	13.29
HAT260-0001380	5.07153391	0.00000001	11.86	11.09
HAT260-0001590	5.38756421	0.00002392	12.19	11.36
HAT214-0001469	6.23920666	0.00143678	12.14	11.33
HAT260-0003419	5.15798051	0.00002318	13.66	12.65
HAT260-0002563	0.31401057	0.00000068	13.14	12.18
HAT260-0000795	2.16659802	0.00016103	10.90	10.29
HAT260-0003215	7.89395278	0.00002436	13.52	12.51
HAT260-0001576	5.15798051	0.00003040	12.54	11.57	SB2,Q98
HAT260-0001944	6.28238456	0.00092307	12.61	11.75
HAT260-0006338	0.26218183	0.00000029	15.18	13.92
HAT260-0009452	4.56183201	0.00069877	16.36	14.86
HAT260-0003312	7.96319798	0.00002367	13.41	12.41
HAT260-0017567	1.67491618	0.00013252	18.35	16.68
HAT260-0004762	5.46870223	0.00043293	14.74	13.53
HAT260-0005596	0.88393824	0.00001854	14.73	13.53
HAT260-0004580	3.93841462	0.00033879	14.74	13.47
HAT260-0002721	4.21255021	0.00032606	13.02	12.09
HAT260-0001106	3.47817843	0.00000650	11.68	10.94
HAT260-0001595	5.10002567	0.00197450	12.42	11.57
HAT260-0003635	0.41747738	0.00000086	13.78	12.77
HAT260-0000692	4.85456989	0.00093012	10.62	10.05
HAT260-0004927	7.62860983	0.00001826	14.34	13.16
HAT260-0000911	2.45352586	0.00010532	11.18	10.52
HAT260-0001860	0.43156861	0.00000190	13.17	12.10
HAT260-0012518	0.36458015	0.00000188	16.93	15.44
HAT260-0006620	5.95281685	0.00421090	15.42	14.02
HAT260-0002009	1.76444037	0.00003262	12.50	11.65
HAT260-0001011	9.45629760	0.00000020	11.53	10.72
HAT260-0001749	4.13578392	0.00570096	12.30	11.49
HAT214-0002039	0.39564374	0.00000163	12.81	11.90
