HAT-269-0000500 b 08401762+194715 0.149427 0.0011 10.551 9.941 9.837 8.583 0.267 0.303 0.0044 10.5
HAT-269-0000588 b 08402231+200624 0.386161 0.0011 10.554 10.071 10.036 8.852 0.213 0.285 0.0036 7.6
HAT-269-0000592 b 08411002+193032 0.345078 0.0011 10.613 10.080 9.999 8.908 0.243 0.269 0.0045 9.4
HAT-269-0000667 b 08395234+191845 0.309961 0.0011 10.742 10.217 10.119 9.008 0.192 0.275 0.0042 8.3
HAT-269-0000673 b 08400062+194823 0.333975 0.0011 10.824 10.271 10.161 9.079 0.184 0.251 0.0072 6.5
HAT-269-0000610 d 08393042+200408 0.140742 0.0011 10.892 10.260 10.155 8.807 0.301 0.333 0.0054 5.9
HAT-269-0000701 d 08405252+192859 0.248768 0.0011 10.839 10.267 10.173 9.049 0.183 0.288 0.0047 5.7
HAT-317-0000737 b 08413154+183002 0.240999 0.0011 10.886 10.384 10.246 9.105 0.221 0.259 0.0075 12.8
HAT-317-0000748 c 08391096+181033 0.238181 0.0011 10.748 10.218 10.107 8.994 0.237 0.313 0.0031 6.3
HAT-270-0000544 c 08450422+202127 0.267231 0.0045 10.865 10.296 10.216 9.130 0.218 0.259 0.0060 6.8
HAT-269-0000768 b 08382429+200621 0.232577 0.0011 11.085 10.521 10.373 9.182 0.221 0.281 0.0161 14.7
HAT-269-0000761 c 08392498+192733 0.241306 0.0011 11.066 10.461 10.339 8.997 0.269 0.360 0.0073 8.0
HAT-269-0000805 c 08414382+201336 0.177573 0.0011 10.988 10.431 10.313 9.142 0.236 0.321 0.0066 8.2
HAT-318-0000683 d 08471411+162347 0.174265 0.0012 11.200 10.608 10.506 9.294 0.222 0.267 0.0155 12.8
HAT-270-0000640 b 08452794+213912 0.207376 0.0185 11.046 10.435 10.294 9.257 0.227 0.294 0.0082 5.0
HAT-269-0000861 b 08394575+192201 0.164439 0.0011 11.257 10.640 10.497 9.259 0.208 0.306 0.0089 8.9
HAT-269-0000834 b 08391217+190656 0.179223 0.0011 11.129 10.568 10.424 9.258 0.242 0.297 0.0040 6.6
HAT-270-0000678 b 08464732+193841 0.162909 0.0011 11.303 10.701 10.566 9.342 0.199 0.279 0.0070 9.2
HAT-269-0000794 b 08443703+194239 0.220523 0.0011 11.037 10.477 10.321 9.054 0.322 0.366 0.0081 9.8
HAT-269-0000877 d 08374660+192618 0.168159 0.0011 11.243 10.635 10.521 9.276 0.261 0.315 0.0095 7.1
HAT-269-0000905 b 08402271+192753 0.153421 0.0011 11.303 10.673 10.533 9.336 0.239 0.304 0.0096 12.8
HAT-269-0000871 d 08424525+185136 0.095443 0.0011 11.449 10.766 10.569 9.168 0.299 0.362 0.0047 11.7
HAT-269-0000913 d 08432019+194608 0.161667 0.0011 11.415 10.756 10.602 9.359 0.243 0.300 0.0103 10.9
HAT-317-0000999 b 08373307+183915 0.135465 0.0011 11.249 10.668 10.531 9.283 0.274 0.338 0.0069 12.0
HAT-269-0000946 d 08412584+195636 0.151615 0.0011 11.342 10.687 10.546 9.329 0.263 0.330 0.0087 9.9
HAT-269-0000936 b 08393553+185236 0.151867 0.0011 11.282 10.695 10.550 9.329 0.276 0.328 0.0176 14.4
HAT-270-0000714 c 08451310+194112 0.136573 0.0011 11.602 10.848 10.655 9.158 0.294 0.403 0.0067 8.7
HAT-317-0001078 b 08362782+175453 0.138810 0.0045 11.374 10.810 10.659 9.405 0.235 0.315 0.0083 5.8
HAT-317-0001111 b 08355455+180857 0.142247 0.0045 11.427 10.854 10.705 9.445 0.239 0.312 0.0059 9.0
HAT-269-0000993 d 08403992+194009 0.140088 0.0011 11.580 10.859 10.656 9.189 0.299 0.421 0.0113 13.5
HAT-269-0001025 b 08305546+193319 0.148258 0.0045 11.384 10.736 10.603 9.369 0.262 0.356 0.0119 11.2
HAT-269-0001089 c 08412869+194448 0.141959 0.0011 11.605 10.933 10.765 9.469 0.263 0.343 0.0057 10.9
HAT-269-0001128 d 08415587+194122 0.124125 0.0011 11.718 11.006 10.830 9.544 0.242 0.325 0.0127 13.2
HAT-269-0001075 d 08404798+193932 0.138748 0.0011 11.757 10.991 10.782 9.254 0.353 0.439 0.0093 13.9
HAT-269-0001149 d 08404832+195518 0.126479 0.0011 11.707 11.012 10.840 9.507 0.276 0.357 0.0155 11.9
HAT-269-0001058 d 08381427+192155 0.142596 0.0011 11.605 10.897 10.685 9.188 0.375 0.464 0.0097 10.8
HAT-269-0001147 b 08423225+192346 0.097807 0.0011 11.656 10.954 10.793 9.458 0.300 0.378 0.0069 9.8
HAT-269-0001124 d 08400635+191826 0.124386 0.0011 11.761 10.980 10.757 9.228 0.380 0.473 0.0067 11.3
HAT-269-0001249 d 08345963+210549 0.122355 0.0185 11.874 11.114 10.950 9.684 0.251 0.328 0.0156 8.3
HAT-269-0001268 d 08402743+191640 0.131965 0.0011 11.822 11.148 10.971 9.655 0.314 0.357 0.0129 14.0
HAT-269-0001377 b 08391499+201238 0.119970 0.0011 11.946 11.278 11.082 9.649 0.272 0.393 0.0071 14.0
HAT-269-0001340 b 08415924+205507 0.121889 0.0185 11.958 11.259 11.076 9.705 0.303 0.362 0.0098 3.6
HAT-269-0001410 b 08375208+195913 0.125548 0.0011 11.952 11.242 11.051 9.689 0.288 0.390 0.0159 10.8
HAT-269-0001400 c 08371148+194813 0.124051 0.0011 12.008 11.286 11.093 9.686 0.295 0.389 0.0066 7.3
HAT-269-0001405 d 08404248+193357 0.119527 0.0011 12.063 11.331 11.142 9.706 0.307 0.385 0.0064 8.0
HAT-269-0001431 b 08381497+203404 0.114133 0.0185 12.100 11.400 11.186 9.717 0.302 0.389 0.0103 9.8
HAT-269-0001352 c 08374998+195328 0.140085 0.0011 12.265 11.403 11.134 9.326 0.401 0.535 0.0135 12.5
HAT-269-0001402 d 08364896+191526 0.134236 0.0045 11.945 11.212 10.986 9.687 0.336 0.396 0.0109 7.9
HAT-269-0001517 d 08372222+201037 0.125524 0.0011 12.077 11.378 11.186 9.803 0.289 0.384 0.0085 11.1
HAT-269-0001467 d 08371829+194156 0.110117 0.0011 12.181 11.424 11.223 9.802 0.326 0.373 0.0039 7.9
HAT-318-0001287 c 08482783+182043 0.108759 0.0011 12.111 11.411 11.208 9.772 0.348 0.392 0.0061 8.0
HAT-269-0001515 d 08404761+185411 0.109594 0.0011 12.159 11.426 11.221 9.686 0.348 0.440 0.0059 8.2
HAT-269-0001544 b 08430055+202016 0.115043 0.0045 12.147 11.384 11.189 9.774 0.332 0.411 0.0052 9.1
HAT-269-0001510 d 08361639+193231 0.120615 0.0045 12.458 11.573 11.272 9.520 0.390 0.511 0.0123 7.9
HAT-269-0001490 b 08392858+192825 0.095355 0.0011 12.519 11.606 11.305 9.533 0.409 0.502 0.0062 11.6
HAT-269-0001570 b 08411031+194907 0.111032 0.0011 12.268 11.495 11.292 9.753 0.358 0.430 0.0096 9.4
HAT-317-0001886 a 08403360+184028 0.105660 0.0011 12.335 11.596 11.368 9.832 0.306 0.417 0.0054 12.9
HAT-269-0003629 b 08402624+191309 0.092922 0.0011 13.899 12.875 12.481 10.461 0.505 0.627 0.0102 12.0
HAT-317-0004241 d 08404439+183923 0.093539 0.0011 13.917 12.933 12.537 10.500 0.476 0.626 0.0187 14.5
HAT-317-0004286 b 08442031+180259 0.091827 0.0011 13.923 12.960 12.578 10.490 0.495 0.638 0.0070 8.4
HAT-269-0003847 a 08412258+185602 0.093008 0.0011 13.970 12.957 12.554 10.536 0.484 0.626 0.0273 19.9
HAT-269-0003924 d 08413902+191556 0.094158 0.0011 14.177 13.089 12.670 10.574 0.531 0.631 0.0092 11.2
HAT-269-0003973 b 08355988+193132 0.077594 0.0045 14.368 13.229 12.777 10.569 0.539 0.641 0.0079 9.1
HAT-269-0004092 a 08415884+200627 0.087139 0.0011 14.279 13.160 12.746 10.599 0.526 0.644 0.0141 11.1
HAT-318-0003767 d 08463355+181409 0.086355 0.0011 14.282 13.205 12.770 10.597 0.528 0.653 0.0195 13.3
HAT-269-0004164 d 08401345+194643 0.084119 0.0011 14.318 13.200 12.758 10.640 0.543 0.642 0.0138 13.3
HAT-269-0004180 d 08323341+200448 0.082029 0.0045 14.330 13.208 12.787 10.627 0.548 0.650 0.0164 11.9
HAT-269-0004361 b 08340356+194742 0.090750 0.0045 14.511 13.362 12.893 10.678 0.505 0.647 0.0098 10.0
HAT-269-0004323 d 08435672+194332 0.086016 0.0011 14.376 13.243 12.818 10.527 0.547 0.709 0.0169 12.7
HAT-270-0003419 a 08463304+185424 0.070295 0.0011 14.300 13.232 12.813 10.619 0.529 0.682 0.0173 17.8
HAT-269-0004069 a 08350805+195925 0.079749 0.0045 14.565 13.332 12.815 10.447 0.640 0.720 0.0095 9.6
HAT-269-0004532 b 08431522+200356 0.091513 0.0011 14.614 13.447 12.983 10.683 0.560 0.676 0.0163 16.0
HAT-317-0005295 a 08405865+184030 0.085103 0.0011 14.936 13.723 13.196 10.488 0.568 0.765 0.0152 12.1
HAT-269-0004773 a 08414818+192731 0.086184 0.0011 14.852 13.644 13.151 10.732 0.532 0.679 0.0170 15.0
HAT-269-0004680 b 08434356+190433 0.093232 0.0011 14.488 13.416 12.976 10.787 0.552 0.649 0.0062 8.0
HAT-269-0004793 d 08422008+190905 0.083953 0.0011 14.673 13.486 13.014 10.696 0.546 0.698 0.0072 8.0
HAT-317-0005320 d 08400984+180550 0.082000 0.0011 14.578 13.457 12.983 10.679 0.580 0.693 0.0101 11.0
HAT-269-0004728 d 08373624+191554 0.083522 0.0011 14.626 13.481 13.005 10.757 0.566 0.669 0.0157 11.5
HAT-269-0004769 a 08383723+190116 0.077810 0.0011 15.001 13.775 13.244 10.613 0.592 0.736 0.0107 10.7
HAT-269-0004494 b 08364957+193323 0.081739 0.0046 15.403 14.013 13.370 10.285 0.686 0.851 0.0191 13.5
HAT-269-0004958 a 08411992+193804 0.081357 0.0011 14.751 13.555 13.080 10.762 0.559 0.693 0.0109 10.4
HAT-317-0005953 d 08344714+180116 0.086052 0.0045 14.829 13.678 13.188 10.830 0.571 0.697 0.0165 11.8
HAT-269-0005580 b 08372638+192912 0.081849 0.0011 15.111 13.831 13.303 10.826 0.531 0.730 0.0135 10.8
HAT-269-0005362 a 08385722+201053 0.083890 0.0011 15.184 13.924 13.361 10.716 0.619 0.764 0.0204 13.6
HAT-269-0005801 a 08385833+193649 0.073795 0.0011 14.899 13.771 13.296 11.037 0.537 0.665 0.0125 11.9
HAT-269-0005589 d 08331762+192550 0.079399 0.0045 15.078 13.827 13.305 10.859 0.597 0.728 0.0178 10.2
HAT-317-0006380 d 08433105+183254 0.077285 0.0011 15.209 13.980 13.431 10.741 0.617 0.783 0.0076 8.1
HAT-269-0006020 d 08423700+200831 0.081840 0.0011 15.201 13.961 13.410 10.871 0.598 0.763 0.0261 14.1
HAT-269-0006002 d 08382963+195145 0.081521 0.0011 15.308 14.018 13.469 10.931 0.607 0.739 0.0200 15.7
HAT-317-0006654 d 08365374+182945 0.076722 0.0046 15.218 13.985 13.437 10.947 0.622 0.725 0.0172 9.4
HAT-269-0006168 d 08442652+194735 0.071629 0.0011 15.466 14.125 13.574 10.908 0.628 0.767 0.0182 9.9
HAT-317-0006713 d 08443613+183557 0.079219 0.0011 15.905 14.518 13.921 10.655 0.699 0.860 0.0236 9.8
HAT-269-0006357 b 08414934+191147 0.070891 0.0011 15.864 14.466 13.846 10.834 0.636 0.815 0.0154 8.3
HAT-269-0006450 b 08421664+200532 0.070833 0.0011 15.498 14.187 13.605 10.989 0.607 0.757 0.0183 9.4
HAT-269-0006795 b 08441324+184911 0.077282 0.0011 15.431 14.181 13.612 10.941 0.616 0.806 0.0213 15.1
HAT-269-0006856 b 08400070+191834 0.070008 0.0011 15.805 14.427 13.829 10.918 0.648 0.826 0.0212 11.2
HAT-269-0007168 a 08411541+200216 0.073167 0.0011 15.563 14.230 13.669 11.022 0.657 0.811 0.0248 12.2
HAT-269-0007109 b 08365680+190528 0.067361 0.0047 16.115 14.659 14.047 10.974 0.680 0.829 0.0222 9.7
HAT-317-0008551 d 08405531+183459 0.080526 0.0011 15.838 14.507 13.911 11.128 0.660 0.796 0.0165 10.8
HAT-270-0006183 b 08534667+191814 0.072508 0.0065 16.282 14.798 14.207 11.165 0.660 0.808 0.0278 6.3
HAT-269-0008437 b 08363642+191106 0.074895 0.0047 16.180 14.719 14.107 11.199 0.600 0.820 0.0254 9.6
HAT-269-0008376 d 08305102+192108 0.070732 0.0047 16.101 14.752 14.176 11.193 0.661 0.829 0.0194 9.2
HAT-317-0010700 a 08415228+180306 0.064425 0.0012 16.451 15.091 14.470 11.337 0.661 0.833 0.0236 10.3
HAT-269-0010318 b 08393645+192907 0.063811 0.0011 16.544 15.106 14.501 11.391 0.652 0.863 0.0239 8.9
HAT-317-0012279 b 08363256+162302 0.063021 0.0061 16.839 15.369 14.770 11.508 0.649 0.839 0.0388 6.3
HAT-269-0001637 c 08403169+195101 0.118601 0.0011 12.402 11.609 11.384 9.911 0.309 0.383 0.0035 9.5
HAT-317-0001780 d 08402440+182713 0.103601 0.0011 12.368 11.584 11.328 9.599 0.406 0.503 0.0090 9.8
HAT-269-0001650 d 08403184+201206 0.113741 0.0011 12.201 11.472 11.265 9.831 0.356 0.428 0.0055 8.6
HAT-269-0001741 d 08364572+200726 0.110516 0.0045 12.380 11.613 11.389 9.938 0.305 0.402 0.0139 8.8
HAT-269-0001710 d 08424250+190558 0.113111 0.0011 12.359 11.596 11.376 9.881 0.324 0.421 0.0159 14.2
HAT-269-0001674 d 08372755+193703 0.114988 0.0011 12.416 11.616 11.385 9.806 0.361 0.446 0.0140 14.5
HAT-269-0001632 d 08402863+201844 0.125217 0.0011 12.432 11.604 11.315 9.462 0.457 0.586 0.0071 8.1
HAT-269-0001790 d 08380808+202622 0.111455 0.0185 12.432 11.684 11.441 9.932 0.346 0.426 0.0154 5.3
HAT-269-0001789 d 08403623+213342 0.105293 0.0185 12.423 11.629 11.402 9.974 0.365 0.412 0.0077 7.7
HAT-269-0001917 c 08413384+195808 0.105716 0.0011 12.503 11.678 11.451 9.928 0.309 0.464 0.0039 6.9
HAT-269-0001771 a 08395983+193400 0.089919 0.0011 12.880 11.886 11.523 9.484 0.476 0.622 0.0120 14.8
HAT-269-0001893 d 08431076+193134 0.112537 0.0011 12.583 11.769 11.551 10.007 0.365 0.432 0.0141 13.7
HAT-269-0001932 b 08375703+191410 0.115590 0.0011 12.632 11.829 11.597 10.038 0.350 0.432 0.0108 12.4
HAT-269-0001910 d 08431784+203037 0.112342 0.0185 12.610 11.785 11.544 9.776 0.427 0.542 0.0245 4.7
HAT-269-0002062 d 08400968+193717 0.125705 0.0011 12.808 11.973 11.717 10.133 0.316 0.423 0.0141 9.8
HAT-269-0001961 b 08392155+204529 0.108068 0.0185 12.702 11.902 11.645 10.026 0.381 0.450 0.0132 6.2
HAT-317-0002172 b 08405967+182204 0.107968 0.0011 12.906 11.997 11.646 9.683 0.481 0.578 0.0049 8.0
HAT-270-0001619 d 08490670+194111 0.102851 0.0011 12.730 11.907 11.673 10.068 0.360 0.465 0.0079 9.5
HAT-269-0002072 b 08351780+193810 0.111128 0.0045 12.631 11.822 11.595 10.012 0.380 0.485 0.0071 7.6
HAT-269-0002135 b 08400416+194703 0.096288 0.0011 12.899 12.030 11.768 10.004 0.384 0.503 0.0076 10.8
HAT-269-0002031 d 08424372+193723 0.099158 0.0011 13.114 12.109 11.754 9.800 0.456 0.571 0.0059 8.2
HAT-269-0002148 d 08380758+195916 0.109603 0.0011 12.969 12.061 11.780 9.898 0.448 0.559 0.0157 12.6
HAT-269-0002273 d 08374739+190624 0.107563 0.0011 13.172 12.273 11.960 10.202 0.414 0.464 0.0155 12.4
HAT-269-0002449 d 08390228+191934 0.102145 0.0011 13.306 12.366 12.043 10.259 0.358 0.471 0.0113 9.5
HAT-269-0002316 d 08421149+191637 0.125418 0.0011 13.060 12.143 11.852 10.173 0.418 0.487 0.0170 13.3
HAT-269-0002419 d 08424021+190759 0.109495 0.0011 12.976 12.111 11.856 10.186 0.391 0.499 0.0092 11.6
HAT-269-0002450 b 08374640+193557 0.105249 0.0011 13.252 12.305 12.007 10.244 0.384 0.481 0.0153 13.0
HAT-269-0002492 b 08405669+194405 0.107877 0.0011 13.095 12.198 11.920 10.213 0.404 0.506 0.0132 10.8
HAT-269-0002593 d 08414368+195743 0.108949 0.0011 13.264 12.333 12.042 10.258 0.398 0.507 0.0114 14.1
HAT-269-0002482 b 08433880+221609 0.111669 0.0185 13.222 12.323 12.012 10.251 0.442 0.494 0.0112 4.4
HAT-269-0002573 d 08362269+191129 0.101991 0.0045 13.351 12.418 12.092 10.257 0.417 0.506 0.0212 11.9
HAT-317-0002919 b 08441706+184411 0.092146 0.0011 13.165 12.310 12.013 10.262 0.416 0.504 0.0041 9.2
HAT-269-0002527 b 08403347+193800 0.105467 0.0011 13.094 12.198 11.902 10.169 0.444 0.537 0.0162 14.3
HAT-269-0002623 d 08433239+194437 0.103944 0.0011 13.246 12.309 12.021 10.218 0.435 0.537 0.0118 13.5
HAT-317-0002964 b 08393752+181013 0.108451 0.0011 13.128 12.269 11.978 10.237 0.442 0.526 0.0132 13.7
HAT-269-0002678 a 08384610+203436 0.109185 0.0185 13.282 12.407 12.090 10.313 0.426 0.512 0.0148 8.4
HAT-269-0002756 d 08392185+195140 0.081829 0.0011 13.487 12.517 12.200 10.369 0.424 0.505 0.0076 8.8
HAT-269-0002812 d 08410725+192648 0.104281 0.0011 13.370 12.416 12.104 10.288 0.445 0.553 0.0131 11.4
HAT-269-0002804 b 08393836+192627 0.094945 0.0011 13.627 12.648 12.294 10.286 0.453 0.553 0.0114 9.6
HAT-269-0002769 a 08401571+195454 0.100648 0.0011 13.722 12.677 12.287 10.013 0.527 0.667 0.0132 12.3
HAT-269-0003067 d 08435467+185336 0.095532 0.0011 13.600 12.671 12.329 10.412 0.437 0.549 0.0153 13.3
HAT-269-0087638 d 08361410+193717 0.100242 0.0045 13.507 12.561 12.241 10.363 0.464 0.568 0.0077 7.2
HAT-269-0002891 d 08401893+201130 0.077013 0.0011 14.104 12.912 12.417 10.038 0.562 0.691 0.0092 11.9
HAT-269-0003096 b 08365411+184524 0.107872 0.0045 13.626 12.688 12.332 10.469 0.461 0.534 0.0111 10.8
HAT-269-0003250 b 08394707+194939 0.095265 0.0011 13.724 12.724 12.368 10.435 0.449 0.571 0.0088 8.9
HAT-317-0003872 b 08373821+182857 0.088607 0.0011 14.147 13.082 12.665 10.427 0.419 0.590 0.0262 18.6
HAT-269-0003348 d 08322347+205944 0.089952 0.0185 13.872 12.861 12.490 10.470 0.450 0.573 0.0169 4.7
HAT-317-0003864 a 08364711+183446 0.096869 0.0045 13.689 12.769 12.442 10.586 0.439 0.528 0.0135 13.1
HAT-270-0002625 a 08501855+192542 0.116183 0.0011 13.680 12.745 12.434 10.526 0.432 0.563 0.0045 5.8
HAT-269-0003407 b 08340436+203430 0.093106 0.0185 13.843 12.769 12.405 10.442 0.470 0.596 0.0194 5.1
HAT-269-0003424 b 08280099+195417 0.094660 0.0045 13.731 12.734 12.423 10.490 0.470 0.580 0.0053 6.6
HAT-269-0003584 d 08354516+193826 0.091304 0.0045 13.955 12.925 12.559 10.539 0.443 0.580 0.0116 6.8
HAT-269-0003387 d 08444870+201725 0.088264 0.0011 13.912 12.834 12.438 10.508 0.502 0.572 0.0135 11.2
HAT-269-0003664 d 08325223+195835 0.089051 0.0045 14.138 13.050 12.645 10.560 0.462 0.585 0.0206 10.4
HAT-269-0003588 d 08395998+193440 0.094691 0.0011 13.861 12.855 12.495 10.552 0.484 0.582 0.0198 13.4
HAT-270-0002790 b 08465012+210112 0.076449 0.0189 14.128 13.013 12.593 10.544 0.475 0.597 0.0098 7.4
