6.520835000000000000e+06 6.853020000000000000e+06 7.668623000000000000e+06 7.739672000000000000e+06 8.216936000000000000e+06 8.408931000000000000e+06 8.414062000000000000e+06
1.289363314999999943e+01 4.965376949999999567e+00 4.822341400000000000e+00 1.193325160000000018e+01 3.126348450000000057e+00 1.844903174374999821e+01 1.131002527500000099e+01
1.607064719025000088e-01 1.605277103105000047e-01 2.354095049374319792e+00 3.288797785045000088e-01 7.865278502115000125e-02 1.628791783559999928e-01 2.535654771905000437e-01
6.215000000000000000e+03 6.397000000000000000e+03 1.000002397350000294e+00 6.179000000000000000e+03 6.684000000000000000e+03 6.305000000000000000e+03 6.372000000000000000e+03
1.850000000000000000e+02 1.530000000000000000e+02 1.430000000000000000e+02 1.050000000000000000e+02 1.280000000000000000e+02 1.180000000000000000e+02 1.150000000000000000e+02
7.000000000000000666e-02 2.800000000000000266e-01 2.918089580460918597e-01 8.000000000000000167e-02 -1.639999999999999902e+00 3.300000000000000155e-01 -4.099999999999999756e-01
1.600000000000000033e-01 1.499999999999999944e-01 1.600000000000000033e-01 1.600000000000000033e-01 1.700000000000000122e-01 1.499999999999999944e-01 1.499999999999999944e-01
1.400549999999999962e+00 1.573329999999999895e+00 1.263300000000000090e+00 1.313109999999999999e+00 8.790200000000000236e-01 1.711699999999999999e+00 1.123960000000000070e+00
1.121499999999999997e-01 7.427000000000000268e-02 1.107000000000000067e-01 5.519000000000000294e-02 2.758000000000000035e-02 1.980999999999999983e-01 4.483999999999999792e-02
-9.685000000000000553e-02 -2.639299999999999979e-01 -1.001999999999999974e-01 -1.120099999999999985e-01 -2.372000000000000150e-02 -5.079999999999999793e-02 -9.006000000000000116e-02
3.909930000000000128e+00 3.975029999999999841e+00 3.855550000000000033e+00 4.064510000000000289e+00 3.976799999999999891e+00 3.708029999999999937e+00 4.050340000000000273e+00
1.047000000000000014e-02 1.467000000000000075e-02 1.204999999999999995e-02 1.209000000000000005e-02 1.290000000000000001e-02 1.106999999999999998e-02 1.745999999999999983e-02
-9.329999999999999752e-03 -1.173000000000000084e-02 -9.950000000000000511e-03 -1.101000000000000069e-02 -1.129999999999999928e-02 -7.629999999999999630e-03 -1.663999999999999854e-02
2.899164999999999964e+03 1.805170000000000073e+03 3.650661000000000058e+03 3.344199000000000069e+03 8.456944999999999709e+03 1.968426999999999907e+03 4.674177999999999884e+03
8.358750000000000000e+02 3.807799999999999727e+02 5.475090000000000146e+02 1.444861000000000104e+03 8.356549999999999727e+02 1.217030000000000030e+02 1.025172000000000025e+03
-6.493350000000000364e+02 -3.059300000000000068e+02 -4.586009999999999991e+02 -5.513890000000000100e+02 -7.613450000000000273e+02 -5.809769999999999754e+02 -1.689728000000000065e+03
0.000000000000000000e+00 0.000000000000000000e+00 0.000000000000000000e+00 0.000000000000000000e+00 0.000000000000000000e+00 0.000000000000000000e+00 0.000000000000000000e+00
0.000000000000000000e+00 0.000000000000000000e+00 0.000000000000000000e+00 0.000000000000000000e+00 0.000000000000000000e+00 0.000000000000000000e+00 0.000000000000000000e+00
0.000000000000000000e+00 0.000000000000000000e+00 0.000000000000000000e+00 0.000000000000000000e+00 0.000000000000000000e+00 0.000000000000000000e+00 0.000000000000000000e+00
