4577484
4672403
4846457
5543462
5629080
5961597
6287060
6520835 1.289363314999999943e+01 1.607064719025000088e-01
6605673
6853020 4.965376949999999567e+00 1.605277103105000047e-01
7106245
7107778
7271556
7591963
7668623 4.822341400000000000e+00 3.02-611426578000000165
7669332
7739672 1.193325160000000018e+01 3.288797785045000088e-01
8012842 
8150065 
8216936 3.126348450000000057e+00 7.865278502115000125e-02
8349736
8408931 1.844903174374999821e+01 1.628791783559999928e-01
8414062 1.131002527500000099e+01 2.535654771905000437e-01
